0	0	0	0	0	0	0	0	0	0	0	0	0	0	0	0	0	0	0	0	0	0	0	0	0	0	0	0	0	0	0	0	0	0	0	0	0	0	0	0	0	0	0	0	0	0	0	0	0	0	0	0	0	0	0	0	0	0	0	0	0	0	0	0	0	0	0	0	0	0	0	0	0	0	0	0	0	0	0	0	0	0	0	0	0	0	0	0	0	0	0	0	0	0	0	0	0	0	0	0	0	0	0	0	0	0	0	0	0	0	0	0	0	0	0	0	0	0	0	0	0	0	0	0	0	0	0	0	0	0	0	0	0	0	0	0	0	0	0	0	0	0	0	0	0	0	0	0	0	0	0	0	0	0	0	0	0	0	0	0	0	0	0	0	0	0	0	0	0	0	0	0	0	0	0	0	0	0	0	0	0	0	0	0	0	0	0	0	0	0	0	0	0	0	0	0	0	0	0	0	0	0	0	0	0	0	0	0	0	0	0	0	0	0	0	0	0	0	0	0	0	0	0	0	0	0	0	0	0	0	0	0	0	0	0	0	0	0	0	0	0	0	0	0	0	0	0	0	0	0	0	0	0	0	0	0	
0	1	2	3	4	5	6	7	8	9	10	11	12	13	14	15	16	17	18	19	20	21	22	23	24	25	26	27	28	29	30	31	32	33	34	35	36	37	38	39	40	41	42	43	44	45	46	47	48	49	50	51	52	53	54	55	56	57	58	59	60	61	62	63	64	65	66	67	68	69	70	71	72	73	74	75	76	77	78	79	80	81	82	83	84	85	86	87	88	89	90	91	92	93	94	95	96	97	98	99	100	101	102	103	104	105	106	107	108	109	110	111	112	113	114	115	116	117	118	119	120	121	122	123	124	125	126	127	128	129	130	131	132	133	134	135	136	137	138	139	140	141	142	143	144	145	146	147	148	149	150	151	152	153	154	155	156	157	158	159	160	161	162	163	164	165	166	167	168	169	170	171	172	173	174	175	176	177	178	179	180	181	182	183	184	185	186	187	188	189	190	191	192	193	194	195	196	197	198	199	200	201	202	203	204	205	206	207	208	209	210	211	212	213	214	215	216	217	218	219	220	221	222	223	224	225	226	227	228	229	230	231	232	233	234	235	236	237	238	239	240	241	242	243	244	245	246	247	248	249	250	251	252	253	254	255	
0	2	4	6	8	10	12	14	16	18	20	22	24	26	28	30	32	34	36	38	40	42	44	46	48	50	52	54	56	58	60	62	64	66	68	70	72	74	76	78	80	82	84	86	88	90	92	94	96	98	100	102	104	106	108	110	112	114	116	118	120	122	124	126	128	130	132	134	136	138	140	142	144	146	148	150	152	154	156	158	160	162	164	166	168	170	172	174	176	178	180	182	184	186	188	190	192	194	196	198	200	202	204	206	208	210	212	214	216	218	220	222	224	226	228	230	232	234	236	238	240	242	244	246	248	250	252	254	256	258	260	262	264	266	268	270	272	274	276	278	280	282	284	286	288	290	292	294	296	298	300	302	304	306	308	310	312	314	316	318	320	322	324	326	328	330	332	334	336	338	340	342	344	346	348	350	352	354	356	358	360	362	364	366	368	370	372	374	376	378	380	382	384	386	388	390	392	394	396	398	400	402	404	406	408	410	412	414	416	418	420	422	424	426	428	430	432	434	436	438	440	442	444	446	448	450	452	454	456	458	460	462	464	466	468	470	472	474	476	478	480	482	484	486	488	490	492	494	496	498	500	502	504	506	508	510	
0	3	6	7	12	15	18	19	24	27	30	31	28	31	34	35	48	51	54	55	60	63	66	67	72	75	78	79	76	79	82	83	96	99	102	103	108	111	114	115	120	123	126	127	124	127	130	131	112	115	118	119	124	127	130	131	136	139	142	143	140	143	146	147	192	195	198	199	204	207	210	211	216	219	222	223	220	223	226	227	240	243	246	247	252	255	258	259	264	267	270	271	268	271	274	275	288	291	294	295	300	303	306	307	312	315	318	319	316	319	322	323	304	307	310	311	316	319	322	323	328	331	334	335	332	335	338	339	384	387	390	391	396	399	402	403	408	411	414	415	412	415	418	419	432	435	438	439	444	447	450	451	456	459	462	463	460	463	466	467	480	483	486	487	492	495	498	499	504	507	510	511	508	511	514	515	496	499	502	503	508	511	514	515	520	523	526	527	524	527	530	531	448	451	454	455	460	463	466	467	472	475	478	479	476	479	482	483	496	499	502	503	508	511	514	515	520	523	526	527	524	527	530	531	544	547	550	551	556	559	562	563	568	571	574	575	572	575	578	579	560	563	566	567	572	575	578	579	584	587	590	591	588	591	594	595	
0	4	8	12	16	20	24	28	32	36	40	44	48	52	56	60	64	68	72	76	80	84	88	92	96	100	104	108	112	116	120	124	128	132	136	140	144	148	152	156	160	164	168	172	176	180	184	188	192	196	200	204	208	212	216	220	224	228	232	236	240	244	248	252	256	260	264	268	272	276	280	284	288	292	296	300	304	308	312	316	320	324	328	332	336	340	344	348	352	356	360	364	368	372	376	380	384	388	392	396	400	404	408	412	416	420	424	428	432	436	440	444	448	452	456	460	464	468	472	476	480	484	488	492	496	500	504	508	512	516	520	524	528	532	536	540	544	548	552	556	560	564	568	572	576	580	584	588	592	596	600	604	608	612	616	620	624	628	632	636	640	644	648	652	656	660	664	668	672	676	680	684	688	692	696	700	704	708	712	716	720	724	728	732	736	740	744	748	752	756	760	764	768	772	776	780	784	788	792	796	800	804	808	812	816	820	824	828	832	836	840	844	848	852	856	860	864	868	872	876	880	884	888	892	896	900	904	908	912	916	920	924	928	932	936	940	944	948	952	956	960	964	968	972	976	980	984	988	992	996	1000	1004	1008	1012	1016	1020	
0	5	10	15	20	25	30	35	40	45	50	55	60	65	70	75	80	85	90	95	100	105	110	115	120	125	130	135	140	145	150	155	160	165	170	175	180	185	190	195	200	205	210	215	220	225	230	235	240	245	250	255	260	265	270	275	280	285	290	295	300	305	310	315	320	325	330	335	340	345	350	355	360	365	370	375	380	385	390	395	400	405	410	415	420	425	430	435	440	445	450	455	460	465	470	475	480	485	490	495	500	505	510	515	520	525	530	535	540	545	550	555	560	565	570	575	580	585	590	595	600	605	610	615	620	625	630	635	640	645	650	655	660	665	670	675	680	685	690	695	700	705	710	715	720	725	730	735	740	745	750	755	760	765	770	775	780	785	790	795	800	805	810	815	820	825	830	835	840	845	850	855	860	865	870	875	880	885	890	895	900	905	910	915	920	925	930	935	940	945	950	955	960	965	970	975	980	985	990	995	1000	1005	1010	1015	1020	1025	1030	1035	1040	1045	1050	1055	1060	1065	1070	1075	1080	1085	1090	1095	1100	1105	1110	1115	1120	1125	1130	1135	1140	1145	1150	1155	1160	1165	1170	1175	1180	1185	1190	1195	1200	1205	1210	1215	1220	1225	1230	1235	1240	1245	1250	1255	1260	1265	1270	1275	
0	6	12	18	24	30	36	42	48	54	60	66	72	78	84	90	96	102	108	114	120	126	132	138	144	150	156	162	168	174	180	186	192	198	204	210	216	222	228	234	240	246	252	258	264	270	276	282	288	294	300	306	312	318	324	330	336	342	348	354	360	366	372	378	384	390	396	402	408	414	420	426	432	438	444	450	456	462	468	474	480	486	492	498	504	510	516	522	528	534	540	546	552	558	564	570	576	582	588	594	600	606	612	618	624	630	636	642	648	654	660	666	672	678	684	690	696	702	708	714	720	726	732	738	744	750	756	762	768	774	780	786	792	798	804	810	816	822	828	834	840	846	852	858	864	870	876	882	888	894	900	906	912	918	924	930	936	942	948	954	960	966	972	978	984	990	996	1002	1008	1014	1020	1026	1032	1038	1044	1050	1056	1062	1068	1074	1080	1086	1092	1098	1104	1110	1116	1122	1128	1134	1140	1146	1152	1158	1164	1170	1176	1182	1188	1194	1200	1206	1212	1218	1224	1230	1236	1242	1248	1254	1260	1266	1272	1278	1284	1290	1296	1302	1308	1314	1320	1326	1332	1338	1344	1350	1356	1362	1368	1374	1380	1386	1392	1398	1404	1410	1416	1422	1428	1434	1440	1446	1452	1458	1464	1470	1476	1482	1488	1494	1500	1506	1512	1518	1524	1530	
0	7	14	19	28	35	42	47	56	63	70	75	76	83	90	95	112	119	126	131	140	147	154	159	168	175	182	187	188	195	202	207	224	231	238	243	252	259	266	271	280	287	294	299	300	307	314	319	304	311	318	323	332	339	346	351	360	367	374	379	380	387	394	399	448	455	462	467	476	483	490	495	504	511	518	523	524	531	538	543	560	567	574	579	588	595	602	607	616	623	630	635	636	643	650	655	672	679	686	691	700	707	714	719	728	735	742	747	748	755	762	767	752	759	766	771	780	787	794	799	808	815	822	827	828	835	842	847	896	903	910	915	924	931	938	943	952	959	966	971	972	979	986	991	1008	1015	1022	1027	1036	1043	1050	1055	1064	1071	1078	1083	1084	1091	1098	1103	1120	1127	1134	1139	1148	1155	1162	1167	1176	1183	1190	1195	1196	1203	1210	1215	1200	1207	1214	1219	1228	1235	1242	1247	1256	1263	1270	1275	1276	1283	1290	1295	1216	1223	1230	1235	1244	1251	1258	1263	1272	1279	1286	1291	1292	1299	1306	1311	1328	1335	1342	1347	1356	1363	1370	1375	1384	1391	1398	1403	1404	1411	1418	1423	1440	1447	1454	1459	1468	1475	1482	1487	1496	1503	1510	1515	1516	1523	1530	1535	1520	1527	1534	1539	1548	1555	1562	1567	1576	1583	1590	1595	1596	1603	1610	1615	
0	8	16	24	32	40	48	56	64	72	80	88	96	104	112	120	128	136	144	152	160	168	176	184	192	200	208	216	224	232	240	248	256	264	272	280	288	296	304	312	320	328	336	344	352	360	368	376	384	392	400	408	416	424	432	440	448	456	464	472	480	488	496	504	512	520	528	536	544	552	560	568	576	584	592	600	608	616	624	632	640	648	656	664	672	680	688	696	704	712	720	728	736	744	752	760	768	776	784	792	800	808	816	824	832	840	848	856	864	872	880	888	896	904	912	920	928	936	944	952	960	968	976	984	992	1000	1008	1016	1024	1032	1040	1048	1056	1064	1072	1080	1088	1096	1104	1112	1120	1128	1136	1144	1152	1160	1168	1176	1184	1192	1200	1208	1216	1224	1232	1240	1248	1256	1264	1272	1280	1288	1296	1304	1312	1320	1328	1336	1344	1352	1360	1368	1376	1384	1392	1400	1408	1416	1424	1432	1440	1448	1456	1464	1472	1480	1488	1496	1504	1512	1520	1528	1536	1544	1552	1560	1568	1576	1584	1592	1600	1608	1616	1624	1632	1640	1648	1656	1664	1672	1680	1688	1696	1704	1712	1720	1728	1736	1744	1752	1760	1768	1776	1784	1792	1800	1808	1816	1824	1832	1840	1848	1856	1864	1872	1880	1888	1896	1904	1912	1920	1928	1936	1944	1952	1960	1968	1976	1984	1992	2000	2008	2016	2024	2032	2040	
0	9	18	27	36	45	54	63	72	81	90	99	108	117	126	135	144	153	162	171	180	189	198	207	216	225	234	243	252	261	270	279	288	297	306	315	324	333	342	351	360	369	378	387	396	405	414	423	432	441	450	459	468	477	486	495	504	513	522	531	540	549	558	567	576	585	594	603	612	621	630	639	648	657	666	675	684	693	702	711	720	729	738	747	756	765	774	783	792	801	810	819	828	837	846	855	864	873	882	891	900	909	918	927	936	945	954	963	972	981	990	999	1008	1017	1026	1035	1044	1053	1062	1071	1080	1089	1098	1107	1116	1125	1134	1143	1152	1161	1170	1179	1188	1197	1206	1215	1224	1233	1242	1251	1260	1269	1278	1287	1296	1305	1314	1323	1332	1341	1350	1359	1368	1377	1386	1395	1404	1413	1422	1431	1440	1449	1458	1467	1476	1485	1494	1503	1512	1521	1530	1539	1548	1557	1566	1575	1584	1593	1602	1611	1620	1629	1638	1647	1656	1665	1674	1683	1692	1701	1710	1719	1728	1737	1746	1755	1764	1773	1782	1791	1800	1809	1818	1827	1836	1845	1854	1863	1872	1881	1890	1899	1908	1917	1926	1935	1944	1953	1962	1971	1980	1989	1998	2007	2016	2025	2034	2043	2052	2061	2070	2079	2088	2097	2106	2115	2124	2133	2142	2151	2160	2169	2178	2187	2196	2205	2214	2223	2232	2241	2250	2259	2268	2277	2286	2295	
0	10	20	30	40	50	60	70	80	90	100	110	120	130	140	150	160	170	180	190	200	210	220	230	240	250	260	270	280	290	300	310	320	330	340	350	360	370	380	390	400	410	420	430	440	450	460	470	480	490	500	510	520	530	540	550	560	570	580	590	600	610	620	630	640	650	660	670	680	690	700	710	720	730	740	750	760	770	780	790	800	810	820	830	840	850	860	870	880	890	900	910	920	930	940	950	960	970	980	990	1000	1010	1020	1030	1040	1050	1060	1070	1080	1090	1100	1110	1120	1130	1140	1150	1160	1170	1180	1190	1200	1210	1220	1230	1240	1250	1260	1270	1280	1290	1300	1310	1320	1330	1340	1350	1360	1370	1380	1390	1400	1410	1420	1430	1440	1450	1460	1470	1480	1490	1500	1510	1520	1530	1540	1550	1560	1570	1580	1590	1600	1610	1620	1630	1640	1650	1660	1670	1680	1690	1700	1710	1720	1730	1740	1750	1760	1770	1780	1790	1800	1810	1820	1830	1840	1850	1860	1870	1880	1890	1900	1910	1920	1930	1940	1950	1960	1970	1980	1990	2000	2010	2020	2030	2040	2050	2060	2070	2080	2090	2100	2110	2120	2130	2140	2150	2160	2170	2180	2190	2200	2210	2220	2230	2240	2250	2260	2270	2280	2290	2300	2310	2320	2330	2340	2350	2360	2370	2380	2390	2400	2410	2420	2430	2440	2450	2460	2470	2480	2490	2500	2510	2520	2530	2540	2550	
0	11	22	31	44	55	66	75	88	99	110	119	124	135	146	155	176	187	198	207	220	231	242	251	264	275	286	295	300	311	322	331	352	363	374	383	396	407	418	427	440	451	462	471	476	487	498	507	496	507	518	527	540	551	562	571	584	595	606	615	620	631	642	651	704	715	726	735	748	759	770	779	792	803	814	823	828	839	850	859	880	891	902	911	924	935	946	955	968	979	990	999	1004	1015	1026	1035	1056	1067	1078	1087	1100	1111	1122	1131	1144	1155	1166	1175	1180	1191	1202	1211	1200	1211	1222	1231	1244	1255	1266	1275	1288	1299	1310	1319	1324	1335	1346	1355	1408	1419	1430	1439	1452	1463	1474	1483	1496	1507	1518	1527	1532	1543	1554	1563	1584	1595	1606	1615	1628	1639	1650	1659	1672	1683	1694	1703	1708	1719	1730	1739	1760	1771	1782	1791	1804	1815	1826	1835	1848	1859	1870	1879	1884	1895	1906	1915	1904	1915	1926	1935	1948	1959	1970	1979	1992	2003	2014	2023	2028	2039	2050	2059	1984	1995	2006	2015	2028	2039	2050	2059	2072	2083	2094	2103	2108	2119	2130	2139	2160	2171	2182	2191	2204	2215	2226	2235	2248	2259	2270	2279	2284	2295	2306	2315	2336	2347	2358	2367	2380	2391	2402	2411	2424	2435	2446	2455	2460	2471	2482	2491	2480	2491	2502	2511	2524	2535	2546	2555	2568	2579	2590	2599	2604	2615	2626	2635	
0	12	24	28	48	60	72	76	96	108	120	124	112	124	136	140	192	204	216	220	240	252	264	268	288	300	312	316	304	316	328	332	384	396	408	412	432	444	456	460	480	492	504	508	496	508	520	524	448	460	472	476	496	508	520	524	544	556	568	572	560	572	584	588	768	780	792	796	816	828	840	844	864	876	888	892	880	892	904	908	960	972	984	988	1008	1020	1032	1036	1056	1068	1080	1084	1072	1084	1096	1100	1152	1164	1176	1180	1200	1212	1224	1228	1248	1260	1272	1276	1264	1276	1288	1292	1216	1228	1240	1244	1264	1276	1288	1292	1312	1324	1336	1340	1328	1340	1352	1356	1536	1548	1560	1564	1584	1596	1608	1612	1632	1644	1656	1660	1648	1660	1672	1676	1728	1740	1752	1756	1776	1788	1800	1804	1824	1836	1848	1852	1840	1852	1864	1868	1920	1932	1944	1948	1968	1980	1992	1996	2016	2028	2040	2044	2032	2044	2056	2060	1984	1996	2008	2012	2032	2044	2056	2060	2080	2092	2104	2108	2096	2108	2120	2124	1792	1804	1816	1820	1840	1852	1864	1868	1888	1900	1912	1916	1904	1916	1928	1932	1984	1996	2008	2012	2032	2044	2056	2060	2080	2092	2104	2108	2096	2108	2120	2124	2176	2188	2200	2204	2224	2236	2248	2252	2272	2284	2296	2300	2288	2300	2312	2316	2240	2252	2264	2268	2288	2300	2312	2316	2336	2348	2360	2364	2352	2364	2376	2380	
0	13	26	31	52	65	78	83	104	117	130	135	124	137	150	155	208	221	234	239	260	273	286	291	312	325	338	343	332	345	358	363	416	429	442	447	468	481	494	499	520	533	546	551	540	553	566	571	496	509	522	527	548	561	574	579	600	613	626	631	620	633	646	651	832	845	858	863	884	897	910	915	936	949	962	967	956	969	982	987	1040	1053	1066	1071	1092	1105	1118	1123	1144	1157	1170	1175	1164	1177	1190	1195	1248	1261	1274	1279	1300	1313	1326	1331	1352	1365	1378	1383	1372	1385	1398	1403	1328	1341	1354	1359	1380	1393	1406	1411	1432	1445	1458	1463	1452	1465	1478	1483	1664	1677	1690	1695	1716	1729	1742	1747	1768	1781	1794	1799	1788	1801	1814	1819	1872	1885	1898	1903	1924	1937	1950	1955	1976	1989	2002	2007	1996	2009	2022	2027	2080	2093	2106	2111	2132	2145	2158	2163	2184	2197	2210	2215	2204	2217	2230	2235	2160	2173	2186	2191	2212	2225	2238	2243	2264	2277	2290	2295	2284	2297	2310	2315	1984	1997	2010	2015	2036	2049	2062	2067	2088	2101	2114	2119	2108	2121	2134	2139	2192	2205	2218	2223	2244	2257	2270	2275	2296	2309	2322	2327	2316	2329	2342	2347	2400	2413	2426	2431	2452	2465	2478	2483	2504	2517	2530	2535	2524	2537	2550	2555	2480	2493	2506	2511	2532	2545	2558	2563	2584	2597	2610	2615	2604	2617	2630	2635	
0	14	28	34	56	70	84	90	112	126	140	146	136	150	164	170	224	238	252	258	280	294	308	314	336	350	364	370	360	374	388	394	448	462	476	482	504	518	532	538	560	574	588	594	584	598	612	618	544	558	572	578	600	614	628	634	656	670	684	690	680	694	708	714	896	910	924	930	952	966	980	986	1008	1022	1036	1042	1032	1046	1060	1066	1120	1134	1148	1154	1176	1190	1204	1210	1232	1246	1260	1266	1256	1270	1284	1290	1344	1358	1372	1378	1400	1414	1428	1434	1456	1470	1484	1490	1480	1494	1508	1514	1440	1454	1468	1474	1496	1510	1524	1530	1552	1566	1580	1586	1576	1590	1604	1610	1792	1806	1820	1826	1848	1862	1876	1882	1904	1918	1932	1938	1928	1942	1956	1962	2016	2030	2044	2050	2072	2086	2100	2106	2128	2142	2156	2162	2152	2166	2180	2186	2240	2254	2268	2274	2296	2310	2324	2330	2352	2366	2380	2386	2376	2390	2404	2410	2336	2350	2364	2370	2392	2406	2420	2426	2448	2462	2476	2482	2472	2486	2500	2506	2176	2190	2204	2210	2232	2246	2260	2266	2288	2302	2316	2322	2312	2326	2340	2346	2400	2414	2428	2434	2456	2470	2484	2490	2512	2526	2540	2546	2536	2550	2564	2570	2624	2638	2652	2658	2680	2694	2708	2714	2736	2750	2764	2770	2760	2774	2788	2794	2720	2734	2748	2754	2776	2790	2804	2810	2832	2846	2860	2866	2856	2870	2884	2890	
0	15	30	35	60	75	90	95	120	135	150	155	140	155	170	175	240	255	270	275	300	315	330	335	360	375	390	395	380	395	410	415	480	495	510	515	540	555	570	575	600	615	630	635	620	635	650	655	560	575	590	595	620	635	650	655	680	695	710	715	700	715	730	735	960	975	990	995	1020	1035	1050	1055	1080	1095	1110	1115	1100	1115	1130	1135	1200	1215	1230	1235	1260	1275	1290	1295	1320	1335	1350	1355	1340	1355	1370	1375	1440	1455	1470	1475	1500	1515	1530	1535	1560	1575	1590	1595	1580	1595	1610	1615	1520	1535	1550	1555	1580	1595	1610	1615	1640	1655	1670	1675	1660	1675	1690	1695	1920	1935	1950	1955	1980	1995	2010	2015	2040	2055	2070	2075	2060	2075	2090	2095	2160	2175	2190	2195	2220	2235	2250	2255	2280	2295	2310	2315	2300	2315	2330	2335	2400	2415	2430	2435	2460	2475	2490	2495	2520	2535	2550	2555	2540	2555	2570	2575	2480	2495	2510	2515	2540	2555	2570	2575	2600	2615	2630	2635	2620	2635	2650	2655	2240	2255	2270	2275	2300	2315	2330	2335	2360	2375	2390	2395	2380	2395	2410	2415	2480	2495	2510	2515	2540	2555	2570	2575	2600	2615	2630	2635	2620	2635	2650	2655	2720	2735	2750	2755	2780	2795	2810	2815	2840	2855	2870	2875	2860	2875	2890	2895	2800	2815	2830	2835	2860	2875	2890	2895	2920	2935	2950	2955	2940	2955	2970	2975	
0	16	32	48	64	80	96	112	128	144	160	176	192	208	224	240	256	272	288	304	320	336	352	368	384	400	416	432	448	464	480	496	512	528	544	560	576	592	608	624	640	656	672	688	704	720	736	752	768	784	800	816	832	848	864	880	896	912	928	944	960	976	992	1008	1024	1040	1056	1072	1088	1104	1120	1136	1152	1168	1184	1200	1216	1232	1248	1264	1280	1296	1312	1328	1344	1360	1376	1392	1408	1424	1440	1456	1472	1488	1504	1520	1536	1552	1568	1584	1600	1616	1632	1648	1664	1680	1696	1712	1728	1744	1760	1776	1792	1808	1824	1840	1856	1872	1888	1904	1920	1936	1952	1968	1984	2000	2016	2032	2048	2064	2080	2096	2112	2128	2144	2160	2176	2192	2208	2224	2240	2256	2272	2288	2304	2320	2336	2352	2368	2384	2400	2416	2432	2448	2464	2480	2496	2512	2528	2544	2560	2576	2592	2608	2624	2640	2656	2672	2688	2704	2720	2736	2752	2768	2784	2800	2816	2832	2848	2864	2880	2896	2912	2928	2944	2960	2976	2992	3008	3024	3040	3056	3072	3088	3104	3120	3136	3152	3168	3184	3200	3216	3232	3248	3264	3280	3296	3312	3328	3344	3360	3376	3392	3408	3424	3440	3456	3472	3488	3504	3520	3536	3552	3568	3584	3600	3616	3632	3648	3664	3680	3696	3712	3728	3744	3760	3776	3792	3808	3824	3840	3856	3872	3888	3904	3920	3936	3952	3968	3984	4000	4016	4032	4048	4064	4080	
0	17	34	51	68	85	102	119	136	153	170	187	204	221	238	255	272	289	306	323	340	357	374	391	408	425	442	459	476	493	510	527	544	561	578	595	612	629	646	663	680	697	714	731	748	765	782	799	816	833	850	867	884	901	918	935	952	969	986	1003	1020	1037	1054	1071	1088	1105	1122	1139	1156	1173	1190	1207	1224	1241	1258	1275	1292	1309	1326	1343	1360	1377	1394	1411	1428	1445	1462	1479	1496	1513	1530	1547	1564	1581	1598	1615	1632	1649	1666	1683	1700	1717	1734	1751	1768	1785	1802	1819	1836	1853	1870	1887	1904	1921	1938	1955	1972	1989	2006	2023	2040	2057	2074	2091	2108	2125	2142	2159	2176	2193	2210	2227	2244	2261	2278	2295	2312	2329	2346	2363	2380	2397	2414	2431	2448	2465	2482	2499	2516	2533	2550	2567	2584	2601	2618	2635	2652	2669	2686	2703	2720	2737	2754	2771	2788	2805	2822	2839	2856	2873	2890	2907	2924	2941	2958	2975	2992	3009	3026	3043	3060	3077	3094	3111	3128	3145	3162	3179	3196	3213	3230	3247	3264	3281	3298	3315	3332	3349	3366	3383	3400	3417	3434	3451	3468	3485	3502	3519	3536	3553	3570	3587	3604	3621	3638	3655	3672	3689	3706	3723	3740	3757	3774	3791	3808	3825	3842	3859	3876	3893	3910	3927	3944	3961	3978	3995	4012	4029	4046	4063	4080	4097	4114	4131	4148	4165	4182	4199	4216	4233	4250	4267	4284	4301	4318	4335	
0	18	36	54	72	90	108	126	144	162	180	198	216	234	252	270	288	306	324	342	360	378	396	414	432	450	468	486	504	522	540	558	576	594	612	630	648	666	684	702	720	738	756	774	792	810	828	846	864	882	900	918	936	954	972	990	1008	1026	1044	1062	1080	1098	1116	1134	1152	1170	1188	1206	1224	1242	1260	1278	1296	1314	1332	1350	1368	1386	1404	1422	1440	1458	1476	1494	1512	1530	1548	1566	1584	1602	1620	1638	1656	1674	1692	1710	1728	1746	1764	1782	1800	1818	1836	1854	1872	1890	1908	1926	1944	1962	1980	1998	2016	2034	2052	2070	2088	2106	2124	2142	2160	2178	2196	2214	2232	2250	2268	2286	2304	2322	2340	2358	2376	2394	2412	2430	2448	2466	2484	2502	2520	2538	2556	2574	2592	2610	2628	2646	2664	2682	2700	2718	2736	2754	2772	2790	2808	2826	2844	2862	2880	2898	2916	2934	2952	2970	2988	3006	3024	3042	3060	3078	3096	3114	3132	3150	3168	3186	3204	3222	3240	3258	3276	3294	3312	3330	3348	3366	3384	3402	3420	3438	3456	3474	3492	3510	3528	3546	3564	3582	3600	3618	3636	3654	3672	3690	3708	3726	3744	3762	3780	3798	3816	3834	3852	3870	3888	3906	3924	3942	3960	3978	3996	4014	4032	4050	4068	4086	4104	4122	4140	4158	4176	4194	4212	4230	4248	4266	4284	4302	4320	4338	4356	4374	4392	4410	4428	4446	4464	4482	4500	4518	4536	4554	4572	4590	
0	19	38	55	76	95	114	131	152	171	190	207	220	239	258	275	304	323	342	359	380	399	418	435	456	475	494	511	524	543	562	579	608	627	646	663	684	703	722	739	760	779	798	815	828	847	866	883	880	899	918	935	956	975	994	1011	1032	1051	1070	1087	1100	1119	1138	1155	1216	1235	1254	1271	1292	1311	1330	1347	1368	1387	1406	1423	1436	1455	1474	1491	1520	1539	1558	1575	1596	1615	1634	1651	1672	1691	1710	1727	1740	1759	1778	1795	1824	1843	1862	1879	1900	1919	1938	1955	1976	1995	2014	2031	2044	2063	2082	2099	2096	2115	2134	2151	2172	2191	2210	2227	2248	2267	2286	2303	2316	2335	2354	2371	2432	2451	2470	2487	2508	2527	2546	2563	2584	2603	2622	2639	2652	2671	2690	2707	2736	2755	2774	2791	2812	2831	2850	2867	2888	2907	2926	2943	2956	2975	2994	3011	3040	3059	3078	3095	3116	3135	3154	3171	3192	3211	3230	3247	3260	3279	3298	3315	3312	3331	3350	3367	3388	3407	3426	3443	3464	3483	3502	3519	3532	3551	3570	3587	3520	3539	3558	3575	3596	3615	3634	3651	3672	3691	3710	3727	3740	3759	3778	3795	3824	3843	3862	3879	3900	3919	3938	3955	3976	3995	4014	4031	4044	4063	4082	4099	4128	4147	4166	4183	4204	4223	4242	4259	4280	4299	4318	4335	4348	4367	4386	4403	4400	4419	4438	4455	4476	4495	4514	4531	4552	4571	4590	4607	4620	4639	4658	4675	
0	20	40	60	80	100	120	140	160	180	200	220	240	260	280	300	320	340	360	380	400	420	440	460	480	500	520	540	560	580	600	620	640	660	680	700	720	740	760	780	800	820	840	860	880	900	920	940	960	980	1000	1020	1040	1060	1080	1100	1120	1140	1160	1180	1200	1220	1240	1260	1280	1300	1320	1340	1360	1380	1400	1420	1440	1460	1480	1500	1520	1540	1560	1580	1600	1620	1640	1660	1680	1700	1720	1740	1760	1780	1800	1820	1840	1860	1880	1900	1920	1940	1960	1980	2000	2020	2040	2060	2080	2100	2120	2140	2160	2180	2200	2220	2240	2260	2280	2300	2320	2340	2360	2380	2400	2420	2440	2460	2480	2500	2520	2540	2560	2580	2600	2620	2640	2660	2680	2700	2720	2740	2760	2780	2800	2820	2840	2860	2880	2900	2920	2940	2960	2980	3000	3020	3040	3060	3080	3100	3120	3140	3160	3180	3200	3220	3240	3260	3280	3300	3320	3340	3360	3380	3400	3420	3440	3460	3480	3500	3520	3540	3560	3580	3600	3620	3640	3660	3680	3700	3720	3740	3760	3780	3800	3820	3840	3860	3880	3900	3920	3940	3960	3980	4000	4020	4040	4060	4080	4100	4120	4140	4160	4180	4200	4220	4240	4260	4280	4300	4320	4340	4360	4380	4400	4420	4440	4460	4480	4500	4520	4540	4560	4580	4600	4620	4640	4660	4680	4700	4720	4740	4760	4780	4800	4820	4840	4860	4880	4900	4920	4940	4960	4980	5000	5020	5040	5060	5080	5100	
0	21	42	63	84	105	126	147	168	189	210	231	252	273	294	315	336	357	378	399	420	441	462	483	504	525	546	567	588	609	630	651	672	693	714	735	756	777	798	819	840	861	882	903	924	945	966	987	1008	1029	1050	1071	1092	1113	1134	1155	1176	1197	1218	1239	1260	1281	1302	1323	1344	1365	1386	1407	1428	1449	1470	1491	1512	1533	1554	1575	1596	1617	1638	1659	1680	1701	1722	1743	1764	1785	1806	1827	1848	1869	1890	1911	1932	1953	1974	1995	2016	2037	2058	2079	2100	2121	2142	2163	2184	2205	2226	2247	2268	2289	2310	2331	2352	2373	2394	2415	2436	2457	2478	2499	2520	2541	2562	2583	2604	2625	2646	2667	2688	2709	2730	2751	2772	2793	2814	2835	2856	2877	2898	2919	2940	2961	2982	3003	3024	3045	3066	3087	3108	3129	3150	3171	3192	3213	3234	3255	3276	3297	3318	3339	3360	3381	3402	3423	3444	3465	3486	3507	3528	3549	3570	3591	3612	3633	3654	3675	3696	3717	3738	3759	3780	3801	3822	3843	3864	3885	3906	3927	3948	3969	3990	4011	4032	4053	4074	4095	4116	4137	4158	4179	4200	4221	4242	4263	4284	4305	4326	4347	4368	4389	4410	4431	4452	4473	4494	4515	4536	4557	4578	4599	4620	4641	4662	4683	4704	4725	4746	4767	4788	4809	4830	4851	4872	4893	4914	4935	4956	4977	4998	5019	5040	5061	5082	5103	5124	5145	5166	5187	5208	5229	5250	5271	5292	5313	5334	5355	
0	22	44	66	88	110	132	154	176	198	220	242	264	286	308	330	352	374	396	418	440	462	484	506	528	550	572	594	616	638	660	682	704	726	748	770	792	814	836	858	880	902	924	946	968	990	1012	1034	1056	1078	1100	1122	1144	1166	1188	1210	1232	1254	1276	1298	1320	1342	1364	1386	1408	1430	1452	1474	1496	1518	1540	1562	1584	1606	1628	1650	1672	1694	1716	1738	1760	1782	1804	1826	1848	1870	1892	1914	1936	1958	1980	2002	2024	2046	2068	2090	2112	2134	2156	2178	2200	2222	2244	2266	2288	2310	2332	2354	2376	2398	2420	2442	2464	2486	2508	2530	2552	2574	2596	2618	2640	2662	2684	2706	2728	2750	2772	2794	2816	2838	2860	2882	2904	2926	2948	2970	2992	3014	3036	3058	3080	3102	3124	3146	3168	3190	3212	3234	3256	3278	3300	3322	3344	3366	3388	3410	3432	3454	3476	3498	3520	3542	3564	3586	3608	3630	3652	3674	3696	3718	3740	3762	3784	3806	3828	3850	3872	3894	3916	3938	3960	3982	4004	4026	4048	4070	4092	4114	4136	4158	4180	4202	4224	4246	4268	4290	4312	4334	4356	4378	4400	4422	4444	4466	4488	4510	4532	4554	4576	4598	4620	4642	4664	4686	4708	4730	4752	4774	4796	4818	4840	4862	4884	4906	4928	4950	4972	4994	5016	5038	5060	5082	5104	5126	5148	5170	5192	5214	5236	5258	5280	5302	5324	5346	5368	5390	5412	5434	5456	5478	5500	5522	5544	5566	5588	5610	
0	23	46	67	92	115	138	159	184	207	230	251	268	291	314	335	368	391	414	435	460	483	506	527	552	575	598	619	636	659	682	703	736	759	782	803	828	851	874	895	920	943	966	987	1004	1027	1050	1071	1072	1095	1118	1139	1164	1187	1210	1231	1256	1279	1302	1323	1340	1363	1386	1407	1472	1495	1518	1539	1564	1587	1610	1631	1656	1679	1702	1723	1740	1763	1786	1807	1840	1863	1886	1907	1932	1955	1978	1999	2024	2047	2070	2091	2108	2131	2154	2175	2208	2231	2254	2275	2300	2323	2346	2367	2392	2415	2438	2459	2476	2499	2522	2543	2544	2567	2590	2611	2636	2659	2682	2703	2728	2751	2774	2795	2812	2835	2858	2879	2944	2967	2990	3011	3036	3059	3082	3103	3128	3151	3174	3195	3212	3235	3258	3279	3312	3335	3358	3379	3404	3427	3450	3471	3496	3519	3542	3563	3580	3603	3626	3647	3680	3703	3726	3747	3772	3795	3818	3839	3864	3887	3910	3931	3948	3971	3994	4015	4016	4039	4062	4083	4108	4131	4154	4175	4200	4223	4246	4267	4284	4307	4330	4351	4288	4311	4334	4355	4380	4403	4426	4447	4472	4495	4518	4539	4556	4579	4602	4623	4656	4679	4702	4723	4748	4771	4794	4815	4840	4863	4886	4907	4924	4947	4970	4991	5024	5047	5070	5091	5116	5139	5162	5183	5208	5231	5254	5275	5292	5315	5338	5359	5360	5383	5406	5427	5452	5475	5498	5519	5544	5567	5590	5611	5628	5651	5674	5695	
0	24	48	72	96	120	144	168	192	216	240	264	288	312	336	360	384	408	432	456	480	504	528	552	576	600	624	648	672	696	720	744	768	792	816	840	864	888	912	936	960	984	1008	1032	1056	1080	1104	1128	1152	1176	1200	1224	1248	1272	1296	1320	1344	1368	1392	1416	1440	1464	1488	1512	1536	1560	1584	1608	1632	1656	1680	1704	1728	1752	1776	1800	1824	1848	1872	1896	1920	1944	1968	1992	2016	2040	2064	2088	2112	2136	2160	2184	2208	2232	2256	2280	2304	2328	2352	2376	2400	2424	2448	2472	2496	2520	2544	2568	2592	2616	2640	2664	2688	2712	2736	2760	2784	2808	2832	2856	2880	2904	2928	2952	2976	3000	3024	3048	3072	3096	3120	3144	3168	3192	3216	3240	3264	3288	3312	3336	3360	3384	3408	3432	3456	3480	3504	3528	3552	3576	3600	3624	3648	3672	3696	3720	3744	3768	3792	3816	3840	3864	3888	3912	3936	3960	3984	4008	4032	4056	4080	4104	4128	4152	4176	4200	4224	4248	4272	4296	4320	4344	4368	4392	4416	4440	4464	4488	4512	4536	4560	4584	4608	4632	4656	4680	4704	4728	4752	4776	4800	4824	4848	4872	4896	4920	4944	4968	4992	5016	5040	5064	5088	5112	5136	5160	5184	5208	5232	5256	5280	5304	5328	5352	5376	5400	5424	5448	5472	5496	5520	5544	5568	5592	5616	5640	5664	5688	5712	5736	5760	5784	5808	5832	5856	5880	5904	5928	5952	5976	6000	6024	6048	6072	6096	6120	
0	25	50	75	100	125	150	175	200	225	250	275	300	325	350	375	400	425	450	475	500	525	550	575	600	625	650	675	700	725	750	775	800	825	850	875	900	925	950	975	1000	1025	1050	1075	1100	1125	1150	1175	1200	1225	1250	1275	1300	1325	1350	1375	1400	1425	1450	1475	1500	1525	1550	1575	1600	1625	1650	1675	1700	1725	1750	1775	1800	1825	1850	1875	1900	1925	1950	1975	2000	2025	2050	2075	2100	2125	2150	2175	2200	2225	2250	2275	2300	2325	2350	2375	2400	2425	2450	2475	2500	2525	2550	2575	2600	2625	2650	2675	2700	2725	2750	2775	2800	2825	2850	2875	2900	2925	2950	2975	3000	3025	3050	3075	3100	3125	3150	3175	3200	3225	3250	3275	3300	3325	3350	3375	3400	3425	3450	3475	3500	3525	3550	3575	3600	3625	3650	3675	3700	3725	3750	3775	3800	3825	3850	3875	3900	3925	3950	3975	4000	4025	4050	4075	4100	4125	4150	4175	4200	4225	4250	4275	4300	4325	4350	4375	4400	4425	4450	4475	4500	4525	4550	4575	4600	4625	4650	4675	4700	4725	4750	4775	4800	4825	4850	4875	4900	4925	4950	4975	5000	5025	5050	5075	5100	5125	5150	5175	5200	5225	5250	5275	5300	5325	5350	5375	5400	5425	5450	5475	5500	5525	5550	5575	5600	5625	5650	5675	5700	5725	5750	5775	5800	5825	5850	5875	5900	5925	5950	5975	6000	6025	6050	6075	6100	6125	6150	6175	6200	6225	6250	6275	6300	6325	6350	6375	
0	26	52	78	104	130	156	182	208	234	260	286	312	338	364	390	416	442	468	494	520	546	572	598	624	650	676	702	728	754	780	806	832	858	884	910	936	962	988	1014	1040	1066	1092	1118	1144	1170	1196	1222	1248	1274	1300	1326	1352	1378	1404	1430	1456	1482	1508	1534	1560	1586	1612	1638	1664	1690	1716	1742	1768	1794	1820	1846	1872	1898	1924	1950	1976	2002	2028	2054	2080	2106	2132	2158	2184	2210	2236	2262	2288	2314	2340	2366	2392	2418	2444	2470	2496	2522	2548	2574	2600	2626	2652	2678	2704	2730	2756	2782	2808	2834	2860	2886	2912	2938	2964	2990	3016	3042	3068	3094	3120	3146	3172	3198	3224	3250	3276	3302	3328	3354	3380	3406	3432	3458	3484	3510	3536	3562	3588	3614	3640	3666	3692	3718	3744	3770	3796	3822	3848	3874	3900	3926	3952	3978	4004	4030	4056	4082	4108	4134	4160	4186	4212	4238	4264	4290	4316	4342	4368	4394	4420	4446	4472	4498	4524	4550	4576	4602	4628	4654	4680	4706	4732	4758	4784	4810	4836	4862	4888	4914	4940	4966	4992	5018	5044	5070	5096	5122	5148	5174	5200	5226	5252	5278	5304	5330	5356	5382	5408	5434	5460	5486	5512	5538	5564	5590	5616	5642	5668	5694	5720	5746	5772	5798	5824	5850	5876	5902	5928	5954	5980	6006	6032	6058	6084	6110	6136	6162	6188	6214	6240	6266	6292	6318	6344	6370	6396	6422	6448	6474	6500	6526	6552	6578	6604	6630	
0	27	54	79	108	135	162	187	216	243	270	295	316	343	370	395	432	459	486	511	540	567	594	619	648	675	702	727	748	775	802	827	864	891	918	943	972	999	1026	1051	1080	1107	1134	1159	1180	1207	1234	1259	1264	1291	1318	1343	1372	1399	1426	1451	1480	1507	1534	1559	1580	1607	1634	1659	1728	1755	1782	1807	1836	1863	1890	1915	1944	1971	1998	2023	2044	2071	2098	2123	2160	2187	2214	2239	2268	2295	2322	2347	2376	2403	2430	2455	2476	2503	2530	2555	2592	2619	2646	2671	2700	2727	2754	2779	2808	2835	2862	2887	2908	2935	2962	2987	2992	3019	3046	3071	3100	3127	3154	3179	3208	3235	3262	3287	3308	3335	3362	3387	3456	3483	3510	3535	3564	3591	3618	3643	3672	3699	3726	3751	3772	3799	3826	3851	3888	3915	3942	3967	3996	4023	4050	4075	4104	4131	4158	4183	4204	4231	4258	4283	4320	4347	4374	4399	4428	4455	4482	4507	4536	4563	4590	4615	4636	4663	4690	4715	4720	4747	4774	4799	4828	4855	4882	4907	4936	4963	4990	5015	5036	5063	5090	5115	5056	5083	5110	5135	5164	5191	5218	5243	5272	5299	5326	5351	5372	5399	5426	5451	5488	5515	5542	5567	5596	5623	5650	5675	5704	5731	5758	5783	5804	5831	5858	5883	5920	5947	5974	5999	6028	6055	6082	6107	6136	6163	6190	6215	6236	6263	6290	6315	6320	6347	6374	6399	6428	6455	6482	6507	6536	6563	6590	6615	6636	6663	6690	6715	
0	28	56	76	112	140	168	188	224	252	280	300	304	332	360	380	448	476	504	524	560	588	616	636	672	700	728	748	752	780	808	828	896	924	952	972	1008	1036	1064	1084	1120	1148	1176	1196	1200	1228	1256	1276	1216	1244	1272	1292	1328	1356	1384	1404	1440	1468	1496	1516	1520	1548	1576	1596	1792	1820	1848	1868	1904	1932	1960	1980	2016	2044	2072	2092	2096	2124	2152	2172	2240	2268	2296	2316	2352	2380	2408	2428	2464	2492	2520	2540	2544	2572	2600	2620	2688	2716	2744	2764	2800	2828	2856	2876	2912	2940	2968	2988	2992	3020	3048	3068	3008	3036	3064	3084	3120	3148	3176	3196	3232	3260	3288	3308	3312	3340	3368	3388	3584	3612	3640	3660	3696	3724	3752	3772	3808	3836	3864	3884	3888	3916	3944	3964	4032	4060	4088	4108	4144	4172	4200	4220	4256	4284	4312	4332	4336	4364	4392	4412	4480	4508	4536	4556	4592	4620	4648	4668	4704	4732	4760	4780	4784	4812	4840	4860	4800	4828	4856	4876	4912	4940	4968	4988	5024	5052	5080	5100	5104	5132	5160	5180	4864	4892	4920	4940	4976	5004	5032	5052	5088	5116	5144	5164	5168	5196	5224	5244	5312	5340	5368	5388	5424	5452	5480	5500	5536	5564	5592	5612	5616	5644	5672	5692	5760	5788	5816	5836	5872	5900	5928	5948	5984	6012	6040	6060	6064	6092	6120	6140	6080	6108	6136	6156	6192	6220	6248	6268	6304	6332	6360	6380	6384	6412	6440	6460	
0	29	58	79	116	145	174	195	232	261	290	311	316	345	374	395	464	493	522	543	580	609	638	659	696	725	754	775	780	809	838	859	928	957	986	1007	1044	1073	1102	1123	1160	1189	1218	1239	1244	1273	1302	1323	1264	1293	1322	1343	1380	1409	1438	1459	1496	1525	1554	1575	1580	1609	1638	1659	1856	1885	1914	1935	1972	2001	2030	2051	2088	2117	2146	2167	2172	2201	2230	2251	2320	2349	2378	2399	2436	2465	2494	2515	2552	2581	2610	2631	2636	2665	2694	2715	2784	2813	2842	2863	2900	2929	2958	2979	3016	3045	3074	3095	3100	3129	3158	3179	3120	3149	3178	3199	3236	3265	3294	3315	3352	3381	3410	3431	3436	3465	3494	3515	3712	3741	3770	3791	3828	3857	3886	3907	3944	3973	4002	4023	4028	4057	4086	4107	4176	4205	4234	4255	4292	4321	4350	4371	4408	4437	4466	4487	4492	4521	4550	4571	4640	4669	4698	4719	4756	4785	4814	4835	4872	4901	4930	4951	4956	4985	5014	5035	4976	5005	5034	5055	5092	5121	5150	5171	5208	5237	5266	5287	5292	5321	5350	5371	5056	5085	5114	5135	5172	5201	5230	5251	5288	5317	5346	5367	5372	5401	5430	5451	5520	5549	5578	5599	5636	5665	5694	5715	5752	5781	5810	5831	5836	5865	5894	5915	5984	6013	6042	6063	6100	6129	6158	6179	6216	6245	6274	6295	6300	6329	6358	6379	6320	6349	6378	6399	6436	6465	6494	6515	6552	6581	6610	6631	6636	6665	6694	6715	
0	30	60	82	120	150	180	202	240	270	300	322	328	358	388	410	480	510	540	562	600	630	660	682	720	750	780	802	808	838	868	890	960	990	1020	1042	1080	1110	1140	1162	1200	1230	1260	1282	1288	1318	1348	1370	1312	1342	1372	1394	1432	1462	1492	1514	1552	1582	1612	1634	1640	1670	1700	1722	1920	1950	1980	2002	2040	2070	2100	2122	2160	2190	2220	2242	2248	2278	2308	2330	2400	2430	2460	2482	2520	2550	2580	2602	2640	2670	2700	2722	2728	2758	2788	2810	2880	2910	2940	2962	3000	3030	3060	3082	3120	3150	3180	3202	3208	3238	3268	3290	3232	3262	3292	3314	3352	3382	3412	3434	3472	3502	3532	3554	3560	3590	3620	3642	3840	3870	3900	3922	3960	3990	4020	4042	4080	4110	4140	4162	4168	4198	4228	4250	4320	4350	4380	4402	4440	4470	4500	4522	4560	4590	4620	4642	4648	4678	4708	4730	4800	4830	4860	4882	4920	4950	4980	5002	5040	5070	5100	5122	5128	5158	5188	5210	5152	5182	5212	5234	5272	5302	5332	5354	5392	5422	5452	5474	5480	5510	5540	5562	5248	5278	5308	5330	5368	5398	5428	5450	5488	5518	5548	5570	5576	5606	5636	5658	5728	5758	5788	5810	5848	5878	5908	5930	5968	5998	6028	6050	6056	6086	6116	6138	6208	6238	6268	6290	6328	6358	6388	6410	6448	6478	6508	6530	6536	6566	6596	6618	6560	6590	6620	6642	6680	6710	6740	6762	6800	6830	6860	6882	6888	6918	6948	6970	
0	31	62	83	124	155	186	207	248	279	310	331	332	363	394	415	496	527	558	579	620	651	682	703	744	775	806	827	828	859	890	911	992	1023	1054	1075	1116	1147	1178	1199	1240	1271	1302	1323	1324	1355	1386	1407	1328	1359	1390	1411	1452	1483	1514	1535	1576	1607	1638	1659	1660	1691	1722	1743	1984	2015	2046	2067	2108	2139	2170	2191	2232	2263	2294	2315	2316	2347	2378	2399	2480	2511	2542	2563	2604	2635	2666	2687	2728	2759	2790	2811	2812	2843	2874	2895	2976	3007	3038	3059	3100	3131	3162	3183	3224	3255	3286	3307	3308	3339	3370	3391	3312	3343	3374	3395	3436	3467	3498	3519	3560	3591	3622	3643	3644	3675	3706	3727	3968	3999	4030	4051	4092	4123	4154	4175	4216	4247	4278	4299	4300	4331	4362	4383	4464	4495	4526	4547	4588	4619	4650	4671	4712	4743	4774	4795	4796	4827	4858	4879	4960	4991	5022	5043	5084	5115	5146	5167	5208	5239	5270	5291	5292	5323	5354	5375	5296	5327	5358	5379	5420	5451	5482	5503	5544	5575	5606	5627	5628	5659	5690	5711	5312	5343	5374	5395	5436	5467	5498	5519	5560	5591	5622	5643	5644	5675	5706	5727	5808	5839	5870	5891	5932	5963	5994	6015	6056	6087	6118	6139	6140	6171	6202	6223	6304	6335	6366	6387	6428	6459	6490	6511	6552	6583	6614	6635	6636	6667	6698	6719	6640	6671	6702	6723	6764	6795	6826	6847	6888	6919	6950	6971	6972	7003	7034	7055	
0	32	64	96	128	160	192	224	256	288	320	352	384	416	448	480	512	544	576	608	640	672	704	736	768	800	832	864	896	928	960	992	1024	1056	1088	1120	1152	1184	1216	1248	1280	1312	1344	1376	1408	1440	1472	1504	1536	1568	1600	1632	1664	1696	1728	1760	1792	1824	1856	1888	1920	1952	1984	2016	2048	2080	2112	2144	2176	2208	2240	2272	2304	2336	2368	2400	2432	2464	2496	2528	2560	2592	2624	2656	2688	2720	2752	2784	2816	2848	2880	2912	2944	2976	3008	3040	3072	3104	3136	3168	3200	3232	3264	3296	3328	3360	3392	3424	3456	3488	3520	3552	3584	3616	3648	3680	3712	3744	3776	3808	3840	3872	3904	3936	3968	4000	4032	4064	4096	4128	4160	4192	4224	4256	4288	4320	4352	4384	4416	4448	4480	4512	4544	4576	4608	4640	4672	4704	4736	4768	4800	4832	4864	4896	4928	4960	4992	5024	5056	5088	5120	5152	5184	5216	5248	5280	5312	5344	5376	5408	5440	5472	5504	5536	5568	5600	5632	5664	5696	5728	5760	5792	5824	5856	5888	5920	5952	5984	6016	6048	6080	6112	6144	6176	6208	6240	6272	6304	6336	6368	6400	6432	6464	6496	6528	6560	6592	6624	6656	6688	6720	6752	6784	6816	6848	6880	6912	6944	6976	7008	7040	7072	7104	7136	7168	7200	7232	7264	7296	7328	7360	7392	7424	7456	7488	7520	7552	7584	7616	7648	7680	7712	7744	7776	7808	7840	7872	7904	7936	7968	8000	8032	8064	8096	8128	8160	
0	33	66	99	132	165	198	231	264	297	330	363	396	429	462	495	528	561	594	627	660	693	726	759	792	825	858	891	924	957	990	1023	1056	1089	1122	1155	1188	1221	1254	1287	1320	1353	1386	1419	1452	1485	1518	1551	1584	1617	1650	1683	1716	1749	1782	1815	1848	1881	1914	1947	1980	2013	2046	2079	2112	2145	2178	2211	2244	2277	2310	2343	2376	2409	2442	2475	2508	2541	2574	2607	2640	2673	2706	2739	2772	2805	2838	2871	2904	2937	2970	3003	3036	3069	3102	3135	3168	3201	3234	3267	3300	3333	3366	3399	3432	3465	3498	3531	3564	3597	3630	3663	3696	3729	3762	3795	3828	3861	3894	3927	3960	3993	4026	4059	4092	4125	4158	4191	4224	4257	4290	4323	4356	4389	4422	4455	4488	4521	4554	4587	4620	4653	4686	4719	4752	4785	4818	4851	4884	4917	4950	4983	5016	5049	5082	5115	5148	5181	5214	5247	5280	5313	5346	5379	5412	5445	5478	5511	5544	5577	5610	5643	5676	5709	5742	5775	5808	5841	5874	5907	5940	5973	6006	6039	6072	6105	6138	6171	6204	6237	6270	6303	6336	6369	6402	6435	6468	6501	6534	6567	6600	6633	6666	6699	6732	6765	6798	6831	6864	6897	6930	6963	6996	7029	7062	7095	7128	7161	7194	7227	7260	7293	7326	7359	7392	7425	7458	7491	7524	7557	7590	7623	7656	7689	7722	7755	7788	7821	7854	7887	7920	7953	7986	8019	8052	8085	8118	8151	8184	8217	8250	8283	8316	8349	8382	8415	
