0 0 0 0 0 0 0 0 0 0 0 0 0 0 0 0 0 0 0 0 0 0 0 0 0 0 0 0 0 0 0 0 0 0 0 0 0 0 0 0 0 0 0 0 0 0 0 0 0 0 0 0 0 0 0 0 0 0 0 0 0 0 0 0 0 0 0 0 0 0 0 0 0 0 0 0 0 0 0 0 0 0 0 0 0 0 0 0 0 0 0 0 0 0 0 0 0 0 0 0 0 0 0 0 0 0 0 0 0 0 0 0 0 0 0 0 0 0 0 0 0 0 0 0 0 0 0 0 0 0 0 0 0 0 0 0 0 0 0 0 0 0 0 0 0 0 0 0 0 0 0 0 0 0 0 0 0 0 0 0 0 0 0 0 0 0 0 0 0 0 0 0 0 0 0 0 0 0 0 0 0 0 0 0 0 0 0 0 0 0 0 0 0 0 0 0 0 0 0 0 0 0 0 0 0 0 0 0 0 0 0 0 0 0 0 0 0 0 0 0 0 0 0 0 0 0 0 0 0 0 0 0 0 0 0 0 0 0 0 0 0 0 0 0 0 0 0 0 0 0 0 0 0 0 0 0 
0 1 2 3 4 5 6 7 8 9 10 11 12 13 14 15 16 17 18 19 20 21 22 23 24 25 26 27 28 29 30 31 32 33 34 35 36 37 38 39 40 41 42 43 44 45 46 47 48 49 50 51 52 53 54 55 56 57 58 59 60 61 62 63 64 65 66 67 68 69 70 71 72 73 74 75 76 77 78 79 80 81 82 83 84 85 86 87 88 89 90 91 92 93 94 95 96 97 98 99 100 101 102 103 104 105 106 107 108 109 110 111 112 113 114 115 116 117 118 119 120 121 122 123 124 125 126 127 128 129 130 131 132 133 134 135 136 137 138 139 140 141 142 143 144 145 146 147 148 149 150 151 152 153 154 155 156 157 158 159 160 161 162 163 164 165 166 167 168 169 170 171 172 173 174 175 176 177 178 179 180 181 182 183 184 185 186 187 188 189 190 191 192 193 194 195 196 197 198 199 200 201 202 203 204 205 206 207 208 209 210 211 212 213 214 215 216 217 218 219 220 221 222 223 224 225 226 227 228 229 230 231 232 233 234 235 236 237 238 239 240 241 242 243 244 245 246 247 248 249 250 251 252 253 254 255 
0 2 4 6 8 10 12 14 16 18 20 22 24 26 28 30 32 34 36 38 40 42 44 46 48 50 52 54 56 58 60 62 64 66 68 70 72 74 76 78 80 82 84 86 88 90 92 94 96 98 100 102 104 106 108 110 112 114 116 118 120 122 124 126 128 130 132 134 136 138 140 142 144 146 148 150 152 154 156 158 160 162 164 166 168 170 172 174 176 178 180 182 184 186 188 190 192 194 196 198 200 202 204 206 208 210 212 214 216 218 220 222 224 226 228 230 232 234 236 238 240 242 244 246 248 250 252 254 256 258 260 262 264 266 268 270 272 274 276 278 280 282 284 286 288 290 292 294 296 298 300 302 304 306 308 310 312 314 316 318 320 322 324 326 328 330 332 334 336 338 340 342 344 346 348 350 352 354 356 358 360 362 364 366 368 370 372 374 376 378 380 382 384 386 388 390 392 394 396 398 400 402 404 406 408 410 412 414 416 418 420 422 424 426 428 430 432 434 436 438 440 442 444 446 448 450 452 454 456 458 460 462 464 466 468 470 472 474 476 478 480 482 484 486 488 490 492 494 496 498 500 502 504 506 508 510 
0 3 6 11 12 15 18 23 24 27 30 35 28 31 34 39 48 51 54 59 60 63 66 71 88 91 94 99 92 95 98 103 96 99 102 107 108 111 114 119 120 123 126 131 124 127 130 135 112 115 118 123 124 127 130 135 152 155 158 163 156 159 162 167 192 195 198 203 204 207 210 215 216 219 222 227 220 223 226 231 240 243 246 251 252 255 258 263 280 283 286 291 284 287 290 295 288 291 294 299 300 303 306 311 312 315 318 323 316 319 322 327 304 307 310 315 316 319 322 327 344 347 350 355 348 351 354 359 384 387 390 395 396 399 402 407 408 411 414 419 412 415 418 423 432 435 438 443 444 447 450 455 472 475 478 483 476 479 482 487 480 483 486 491 492 495 498 503 504 507 510 515 508 511 514 519 496 499 502 507 508 511 514 519 536 539 542 547 540 543 546 551 576 579 582 587 588 591 594 599 600 603 606 611 604 607 610 615 624 627 630 635 636 639 642 647 664 667 670 675 668 671 674 679 672 675 678 683 684 687 690 695 696 699 702 707 700 703 706 711 688 691 694 699 700 703 706 711 728 731 734 739 732 735 738 743 
0 4 8 12 16 20 24 28 32 36 40 44 48 52 56 60 64 68 72 76 80 84 88 92 96 100 104 108 112 116 120 124 128 132 136 140 144 148 152 156 160 164 168 172 176 180 184 188 192 196 200 204 208 212 216 220 224 228 232 236 240 244 248 252 256 260 264 268 272 276 280 284 288 292 296 300 304 308 312 316 320 324 328 332 336 340 344 348 352 356 360 364 368 372 376 380 384 388 392 396 400 404 408 412 416 420 424 428 432 436 440 444 448 452 456 460 464 468 472 476 480 484 488 492 496 500 504 508 512 516 520 524 528 532 536 540 544 548 552 556 560 564 568 572 576 580 584 588 592 596 600 604 608 612 616 620 624 628 632 636 640 644 648 652 656 660 664 668 672 676 680 684 688 692 696 700 704 708 712 716 720 724 728 732 736 740 744 748 752 756 760 764 768 772 776 780 784 788 792 796 800 804 808 812 816 820 824 828 832 836 840 844 848 852 856 860 864 868 872 876 880 884 888 892 896 900 904 908 912 916 920 924 928 932 936 940 944 948 952 956 960 964 968 972 976 980 984 988 992 996 1000 1004 1008 1012 1016 1020 
0 5 10 15 20 21 30 31 40 45 42 47 60 61 62 63 80 85 90 95 84 85 94 95 120 125 122 127 124 125 126 127 160 165 170 175 180 181 190 191 200 205 202 207 220 221 222 223 240 245 250 255 244 245 254 255 280 285 282 287 284 285 286 287 320 325 330 335 340 341 350 351 360 365 362 367 380 381 382 383 336 341 346 351 340 341 350 351 376 381 378 383 380 381 382 383 480 485 490 495 500 501 510 511 520 525 522 527 540 541 542 543 496 501 506 511 500 501 510 511 536 541 538 543 540 541 542 543 640 645 650 655 660 661 670 671 680 685 682 687 700 701 702 703 720 725 730 735 724 725 734 735 760 765 762 767 764 765 766 767 672 677 682 687 692 693 702 703 712 717 714 719 732 733 734 735 752 757 762 767 756 757 766 767 792 797 794 799 796 797 798 799 960 965 970 975 980 981 990 991 1000 1005 1002 1007 1020 1021 1022 1023 976 981 986 991 980 981 990 991 1016 1021 1018 1023 1020 1021 1022 1023 992 997 1002 1007 1012 1013 1022 1023 1032 1037 1034 1039 1052 1053 1054 1055 1008 1013 1018 1023 1012 1013 1022 1023 1048 1053 1050 1055 1052 1053 1054 1055 
0 6 12 18 24 30 28 34 48 54 60 66 56 62 60 66 96 102 108 114 120 126 124 130 144 150 156 162 152 158 156 162 192 198 204 210 216 222 220 226 240 246 252 258 248 254 252 258 224 230 236 242 248 254 252 258 272 278 284 290 280 286 284 290 384 390 396 402 408 414 412 418 432 438 444 450 440 446 444 450 480 486 492 498 504 510 508 514 528 534 540 546 536 542 540 546 448 454 460 466 472 478 476 482 496 502 508 514 504 510 508 514 480 486 492 498 504 510 508 514 528 534 540 546 536 542 540 546 768 774 780 786 792 798 796 802 816 822 828 834 824 830 828 834 864 870 876 882 888 894 892 898 912 918 924 930 920 926 924 930 960 966 972 978 984 990 988 994 1008 1014 1020 1026 1016 1022 1020 1026 992 998 1004 1010 1016 1022 1020 1026 1040 1046 1052 1058 1048 1054 1052 1058 1152 1158 1164 1170 1176 1182 1180 1186 1200 1206 1212 1218 1208 1214 1212 1218 1248 1254 1260 1266 1272 1278 1276 1282 1296 1302 1308 1314 1304 1310 1308 1314 1216 1222 1228 1234 1240 1246 1244 1250 1264 1270 1276 1282 1272 1278 1276 1282 1248 1254 1260 1266 1272 1278 1276 1282 1296 1302 1308 1314 1304 1310 1308 1314 
0 7 14 23 28 31 34 39 56 63 62 71 60 63 66 71 112 119 126 135 124 127 130 135 184 191 190 199 188 191 194 199 224 231 238 247 252 255 258 263 280 287 286 295 284 287 290 295 240 247 254 263 252 255 258 263 312 319 318 327 316 319 322 327 448 455 462 471 476 479 482 487 504 511 510 519 508 511 514 519 496 503 510 519 508 511 514 519 568 575 574 583 572 575 578 583 544 551 558 567 572 575 578 583 600 607 606 615 604 607 610 615 624 631 638 647 636 639 642 647 696 703 702 711 700 703 706 711 896 903 910 919 924 927 930 935 952 959 958 967 956 959 962 967 1008 1015 1022 1031 1020 1023 1026 1031 1080 1087 1086 1095 1084 1087 1090 1095 992 999 1006 1015 1020 1023 1026 1031 1048 1055 1054 1063 1052 1055 1058 1063 1008 1015 1022 1031 1020 1023 1026 1031 1080 1087 1086 1095 1084 1087 1090 1095 1344 1351 1358 1367 1372 1375 1378 1383 1400 1407 1406 1415 1404 1407 1410 1415 1392 1399 1406 1415 1404 1407 1410 1415 1464 1471 1470 1479 1468 1471 1474 1479 1568 1575 1582 1591 1596 1599 1602 1607 1624 1631 1630 1639 1628 1631 1634 1639 1648 1655 1662 1671 1660 1663 1666 1671 1720 1727 1726 1735 1724 1727 1730 1735 
0 8 16 24 32 40 48 56 64 72 80 88 96 104 112 120 128 136 144 152 160 168 176 184 192 200 208 216 224 232 240 248 256 264 272 280 288 296 304 312 320 328 336 344 352 360 368 376 384 392 400 408 416 424 432 440 448 456 464 472 480 488 496 504 512 520 528 536 544 552 560 568 576 584 592 600 608 616 624 632 640 648 656 664 672 680 688 696 704 712 720 728 736 744 752 760 768 776 784 792 800 808 816 824 832 840 848 856 864 872 880 888 896 904 912 920 928 936 944 952 960 968 976 984 992 1000 1008 1016 1024 1032 1040 1048 1056 1064 1072 1080 1088 1096 1104 1112 1120 1128 1136 1144 1152 1160 1168 1176 1184 1192 1200 1208 1216 1224 1232 1240 1248 1256 1264 1272 1280 1288 1296 1304 1312 1320 1328 1336 1344 1352 1360 1368 1376 1384 1392 1400 1408 1416 1424 1432 1440 1448 1456 1464 1472 1480 1488 1496 1504 1512 1520 1528 1536 1544 1552 1560 1568 1576 1584 1592 1600 1608 1616 1624 1632 1640 1648 1656 1664 1672 1680 1688 1696 1704 1712 1720 1728 1736 1744 1752 1760 1768 1776 1784 1792 1800 1808 1816 1824 1832 1840 1848 1856 1864 1872 1880 1888 1896 1904 1912 1920 1928 1936 1944 1952 1960 1968 1976 1984 1992 2000 2008 2016 2024 2032 2040 
0 9 18 27 36 45 54 63 72 73 90 91 108 109 126 127 144 153 178 187 180 189 214 223 216 217 250 251 252 253 286 287 288 297 306 315 324 333 342 351 360 361 378 379 396 397 414 415 432 441 466 475 468 477 502 511 504 505 538 539 540 541 574 575 576 585 594 603 612 621 630 639 584 585 602 603 620 621 638 639 720 729 754 763 756 765 790 799 728 729 762 763 764 765 798 799 864 873 882 891 900 909 918 927 872 873 890 891 908 909 926 927 1008 1017 1042 1051 1044 1053 1078 1087 1016 1017 1050 1051 1052 1053 1086 1087 1152 1161 1170 1179 1188 1197 1206 1215 1224 1225 1242 1243 1260 1261 1278 1279 1168 1177 1202 1211 1204 1213 1238 1247 1240 1241 1274 1275 1276 1277 1310 1311 1440 1449 1458 1467 1476 1485 1494 1503 1512 1513 1530 1531 1548 1549 1566 1567 1456 1465 1490 1499 1492 1501 1526 1535 1528 1529 1562 1563 1564 1565 1598 1599 1728 1737 1746 1755 1764 1773 1782 1791 1736 1737 1754 1755 1772 1773 1790 1791 1744 1753 1778 1787 1780 1789 1814 1823 1752 1753 1786 1787 1788 1789 1822 1823 2016 2025 2034 2043 2052 2061 2070 2079 2024 2025 2042 2043 2060 2061 2078 2079 2032 2041 2066 2075 2068 2077 2102 2111 2040 2041 2074 2075 2076 2077 2110 2111 
0 10 20 30 40 42 60 62 80 90 84 94 120 122 124 126 160 170 180 190 200 202 220 222 240 250 244 254 280 282 284 286 320 330 340 350 360 362 380 382 336 346 340 350 376 378 380 382 480 490 500 510 520 522 540 542 496 506 500 510 536 538 540 542 640 650 660 670 680 682 700 702 720 730 724 734 760 762 764 766 672 682 692 702 712 714 732 734 752 762 756 766 792 794 796 798 960 970 980 990 1000 1002 1020 1022 976 986 980 990 1016 1018 1020 1022 992 1002 1012 1022 1032 1034 1052 1054 1008 1018 1012 1022 1048 1050 1052 1054 1280 1290 1300 1310 1320 1322 1340 1342 1360 1370 1364 1374 1400 1402 1404 1406 1440 1450 1460 1470 1480 1482 1500 1502 1520 1530 1524 1534 1560 1562 1564 1566 1344 1354 1364 1374 1384 1386 1404 1406 1360 1370 1364 1374 1400 1402 1404 1406 1504 1514 1524 1534 1544 1546 1564 1566 1520 1530 1524 1534 1560 1562 1564 1566 1920 1930 1940 1950 1960 1962 1980 1982 2000 2010 2004 2014 2040 2042 2044 2046 1952 1962 1972 1982 1992 1994 2012 2014 2032 2042 2036 2046 2072 2074 2076 2078 1984 1994 2004 2014 2024 2026 2044 2046 2000 2010 2004 2014 2040 2042 2044 2046 2016 2026 2036 2046 2056 2058 2076 2078 2032 2042 2036 2046 2072 2074 2076 2078 
0 11 22 35 44 47 66 71 88 91 94 99 124 127 130 135 176 187 214 227 220 223 258 263 280 283 286 291 316 319 322 327 352 363 374 387 396 399 418 423 376 379 382 387 412 415 418 423 496 507 534 547 540 543 578 583 536 539 542 547 572 575 578 583 704 715 726 739 748 751 770 775 728 731 734 739 764 767 770 775 752 763 790 803 796 799 834 839 792 795 798 803 828 831 834 839 1056 1067 1078 1091 1100 1103 1122 1127 1144 1147 1150 1155 1180 1183 1186 1191 1072 1083 1110 1123 1116 1119 1154 1159 1176 1179 1182 1187 1212 1215 1218 1223 1408 1419 1430 1443 1452 1455 1474 1479 1496 1499 1502 1507 1532 1535 1538 1543 1456 1467 1494 1507 1500 1503 1538 1543 1560 1563 1566 1571 1596 1599 1602 1607 1504 1515 1526 1539 1548 1551 1570 1575 1528 1531 1534 1539 1564 1567 1570 1575 1520 1531 1558 1571 1564 1567 1602 1607 1560 1563 1566 1571 1596 1599 1602 1607 2112 2123 2134 2147 2156 2159 2178 2183 2136 2139 2142 2147 2172 2175 2178 2183 2288 2299 2326 2339 2332 2335 2370 2375 2328 2331 2334 2339 2364 2367 2370 2375 2208 2219 2230 2243 2252 2255 2274 2279 2296 2299 2302 2307 2332 2335 2338 2343 2352 2363 2390 2403 2396 2399 2434 2439 2456 2459 2462 2467 2492 2495 2498 2503 
0 12 24 28 48 60 56 60 96 108 120 124 112 124 120 124 192 204 216 220 240 252 248 252 288 300 312 316 304 316 312 316 384 396 408 412 432 444 440 444 480 492 504 508 496 508 504 508 576 588 600 604 624 636 632 636 672 684 696 700 688 700 696 700 768 780 792 796 816 828 824 828 864 876 888 892 880 892 888 892 960 972 984 988 1008 1020 1016 1020 1056 1068 1080 1084 1072 1084 1080 1084 896 908 920 924 944 956 952 956 992 1004 1016 1020 1008 1020 1016 1020 1088 1100 1112 1116 1136 1148 1144 1148 1184 1196 1208 1212 1200 1212 1208 1212 1536 1548 1560 1564 1584 1596 1592 1596 1632 1644 1656 1660 1648 1660 1656 1660 1728 1740 1752 1756 1776 1788 1784 1788 1824 1836 1848 1852 1840 1852 1848 1852 1920 1932 1944 1948 1968 1980 1976 1980 2016 2028 2040 2044 2032 2044 2040 2044 2112 2124 2136 2140 2160 2172 2168 2172 2208 2220 2232 2236 2224 2236 2232 2236 1792 1804 1816 1820 1840 1852 1848 1852 1888 1900 1912 1916 1904 1916 1912 1916 1984 1996 2008 2012 2032 2044 2040 2044 2080 2092 2104 2108 2096 2108 2104 2108 1920 1932 1944 1948 1968 1980 1976 1980 2016 2028 2040 2044 2032 2044 2040 2044 2112 2124 2136 2140 2160 2172 2168 2172 2208 2220 2232 2236 2224 2236 2232 2236 
0 13 26 31 52 61 62 63 104 109 122 127 124 125 126 127 208 221 250 255 244 253 286 287 312 317 346 351 316 317 350 351 416 429 442 447 468 477 478 479 520 525 538 543 540 541 542 543 624 637 666 671 660 669 702 703 728 733 762 767 732 733 766 767 832 845 858 863 884 893 894 895 872 877 890 895 892 893 894 895 976 989 1018 1023 1012 1021 1054 1055 1144 1149 1178 1183 1148 1149 1182 1183 992 1005 1018 1023 1044 1053 1054 1055 1032 1037 1050 1055 1052 1053 1054 1055 1136 1149 1178 1183 1172 1181 1214 1215 1304 1309 1338 1343 1308 1309 1342 1343 1664 1677 1690 1695 1716 1725 1726 1727 1768 1773 1786 1791 1788 1789 1790 1791 1744 1757 1786 1791 1780 1789 1822 1823 1848 1853 1882 1887 1852 1853 1886 1887 1952 1965 1978 1983 2004 2013 2014 2015 2056 2061 2074 2079 2076 2077 2078 2079 2288 2301 2330 2335 2324 2333 2366 2367 2392 2397 2426 2431 2396 2397 2430 2431 1984 1997 2010 2015 2036 2045 2046 2047 2024 2029 2042 2047 2044 2045 2046 2047 2000 2013 2042 2047 2036 2045 2078 2079 2168 2173 2202 2207 2172 2173 2206 2207 2016 2029 2042 2047 2068 2077 2078 2079 2056 2061 2074 2079 2076 2077 2078 2079 2288 2301 2330 2335 2324 2333 2366 2367 2456 2461 2490 2495 2460 2461 2494 2495 
0 14 28 34 56 62 60 66 112 126 124 130 120 126 124 130 224 238 252 258 280 286 284 290 336 350 348 354 344 350 348 354 448 462 476 482 504 510 508 514 496 510 508 514 504 510 508 514 608 622 636 642 664 670 668 674 784 798 796 802 792 798 796 802 896 910 924 930 952 958 956 962 1008 1022 1020 1026 1016 1022 1020 1026 992 1006 1020 1026 1048 1054 1052 1058 1104 1118 1116 1122 1112 1118 1116 1122 960 974 988 994 1016 1022 1020 1026 1008 1022 1020 1026 1016 1022 1020 1026 1248 1262 1276 1282 1304 1310 1308 1314 1424 1438 1436 1442 1432 1438 1436 1442 1792 1806 1820 1826 1848 1854 1852 1858 1904 1918 1916 1922 1912 1918 1916 1922 2016 2030 2044 2050 2072 2078 2076 2082 2128 2142 2140 2146 2136 2142 2140 2146 1984 1998 2012 2018 2040 2046 2044 2050 2032 2046 2044 2050 2040 2046 2044 2050 2144 2158 2172 2178 2200 2206 2204 2210 2320 2334 2332 2338 2328 2334 2332 2338 2176 2190 2204 2210 2232 2238 2236 2242 2288 2302 2300 2306 2296 2302 2300 2306 2272 2286 2300 2306 2328 2334 2332 2338 2384 2398 2396 2402 2392 2398 2396 2402 2496 2510 2524 2530 2552 2558 2556 2562 2544 2558 2556 2562 2552 2558 2556 2562 2784 2798 2812 2818 2840 2846 2844 2850 2960 2974 2972 2978 2968 2974 2972 2978 
0 15 30 39 60 63 66 71 120 127 126 135 124 127 130 143 240 255 286 295 284 287 322 327 376 383 382 391 380 383 386 399 480 495 510 519 540 543 546 551 536 543 542 551 540 543 546 559 624 639 670 679 668 671 706 711 824 831 830 839 828 831 834 847 960 975 990 999 1020 1023 1026 1031 1016 1023 1022 1031 1020 1023 1026 1039 1008 1023 1054 1063 1052 1055 1090 1095 1208 1215 1214 1223 1212 1215 1218 1231 1056 1071 1086 1095 1116 1119 1122 1127 1176 1183 1182 1191 1180 1183 1186 1199 1392 1407 1438 1447 1436 1439 1474 1479 1464 1471 1470 1479 1468 1471 1474 1487 1920 1935 1950 1959 1980 1983 1986 1991 2040 2047 2046 2055 2044 2047 2050 2063 2032 2047 2078 2087 2076 2079 2114 2119 2168 2175 2174 2183 2172 2175 2178 2191 2016 2031 2046 2055 2076 2079 2082 2087 2072 2079 2078 2087 2076 2079 2082 2095 2288 2303 2334 2343 2332 2335 2370 2375 2488 2495 2494 2503 2492 2495 2498 2511 2368 2383 2398 2407 2428 2431 2434 2439 2424 2431 2430 2439 2428 2431 2434 2447 2544 2559 2590 2599 2588 2591 2626 2631 2744 2751 2750 2759 2748 2751 2754 2767 2848 2863 2878 2887 2908 2911 2914 2919 2968 2975 2974 2983 2972 2975 2978 2991 2928 2943 2974 2983 2972 2975 3010 3015 3000 3007 3006 3015 3004 3007 3010 3023 
0 16 32 48 64 80 96 112 128 144 160 176 192 208 224 240 256 272 288 304 320 336 352 368 384 400 416 432 448 464 480 496 512 528 544 560 576 592 608 624 640 656 672 688 704 720 736 752 768 784 800 816 832 848 864 880 896 912 928 944 960 976 992 1008 1024 1040 1056 1072 1088 1104 1120 1136 1152 1168 1184 1200 1216 1232 1248 1264 1280 1296 1312 1328 1344 1360 1376 1392 1408 1424 1440 1456 1472 1488 1504 1520 1536 1552 1568 1584 1600 1616 1632 1648 1664 1680 1696 1712 1728 1744 1760 1776 1792 1808 1824 1840 1856 1872 1888 1904 1920 1936 1952 1968 1984 2000 2016 2032 2048 2064 2080 2096 2112 2128 2144 2160 2176 2192 2208 2224 2240 2256 2272 2288 2304 2320 2336 2352 2368 2384 2400 2416 2432 2448 2464 2480 2496 2512 2528 2544 2560 2576 2592 2608 2624 2640 2656 2672 2688 2704 2720 2736 2752 2768 2784 2800 2816 2832 2848 2864 2880 2896 2912 2928 2944 2960 2976 2992 3008 3024 3040 3056 3072 3088 3104 3120 3136 3152 3168 3184 3200 3216 3232 3248 3264 3280 3296 3312 3328 3344 3360 3376 3392 3408 3424 3440 3456 3472 3488 3504 3520 3536 3552 3568 3584 3600 3616 3632 3648 3664 3680 3696 3712 3728 3744 3760 3776 3792 3808 3824 3840 3856 3872 3888 3904 3920 3936 3952 3968 3984 4000 4016 4032 4048 4064 4080 
0 17 34 51 68 85 102 119 136 153 170 187 204 221 238 255 272 273 306 307 340 341 374 375 408 409 442 443 476 477 510 511 544 561 546 563 612 629 614 631 680 697 682 699 748 765 750 767 816 817 818 819 884 885 886 887 952 953 954 955 1020 1021 1022 1023 1088 1105 1122 1139 1092 1109 1126 1143 1224 1241 1258 1275 1228 1245 1262 1279 1360 1361 1394 1395 1364 1365 1398 1399 1496 1497 1530 1531 1500 1501 1534 1535 1632 1649 1634 1651 1636 1653 1638 1655 1768 1785 1770 1787 1772 1789 1774 1791 1904 1905 1906 1907 1908 1909 1910 1911 2040 2041 2042 2043 2044 2045 2046 2047 2176 2193 2210 2227 2244 2261 2278 2295 2184 2201 2218 2235 2252 2269 2286 2303 2448 2449 2482 2483 2516 2517 2550 2551 2456 2457 2490 2491 2524 2525 2558 2559 2720 2737 2722 2739 2788 2805 2790 2807 2728 2745 2730 2747 2796 2813 2798 2815 2992 2993 2994 2995 3060 3061 3062 3063 3000 3001 3002 3003 3068 3069 3070 3071 3264 3281 3298 3315 3268 3285 3302 3319 3272 3289 3306 3323 3276 3293 3310 3327 3536 3537 3570 3571 3540 3541 3574 3575 3544 3545 3578 3579 3548 3549 3582 3583 3808 3825 3810 3827 3812 3829 3814 3831 3816 3833 3818 3835 3820 3837 3822 3839 4080 4081 4082 4083 4084 4085 4086 4087 4088 4089 4090 4091 4092 4093 4094 4095 
0 18 36 54 72 90 108 126 144 178 180 214 216 250 252 286 288 306 292 310 360 378 364 382 432 466 436 470 504 538 508 542 576 594 612 630 584 602 620 638 720 754 756 790 728 762 764 798 864 882 868 886 872 890 876 894 1008 1042 1012 1046 1016 1050 1020 1054 1152 1170 1188 1206 1224 1242 1260 1278 1168 1202 1204 1238 1240 1274 1276 1310 1440 1458 1444 1462 1512 1530 1516 1534 1456 1490 1460 1494 1528 1562 1532 1566 1728 1746 1764 1782 1736 1754 1772 1790 1744 1778 1780 1814 1752 1786 1788 1822 2016 2034 2020 2038 2024 2042 2028 2046 2032 2066 2036 2070 2040 2074 2044 2078 2304 2322 2340 2358 2376 2394 2412 2430 2448 2482 2484 2518 2520 2554 2556 2590 2336 2354 2340 2358 2408 2426 2412 2430 2480 2514 2484 2518 2552 2586 2556 2590 2880 2898 2916 2934 2888 2906 2924 2942 3024 3058 3060 3094 3032 3066 3068 3102 2912 2930 2916 2934 2920 2938 2924 2942 3056 3090 3060 3094 3064 3098 3068 3102 3456 3474 3492 3510 3528 3546 3564 3582 3472 3506 3508 3542 3544 3578 3580 3614 3488 3506 3492 3510 3560 3578 3564 3582 3504 3538 3508 3542 3576 3610 3580 3614 4032 4050 4068 4086 4040 4058 4076 4094 4048 4082 4084 4118 4056 4090 4092 4126 4064 4082 4068 4086 4072 4090 4076 4094 4080 4114 4084 4118 4088 4122 4092 4126 
0 19 38 59 76 95 114 135 152 187 190 227 220 255 258 295 304 307 310 315 380 383 386 391 472 475 478 483 540 543 546 551 608 627 614 635 620 639 626 647 760 795 766 803 764 799 770 807 880 883 886 891 892 895 898 903 1048 1051 1054 1059 1052 1055 1058 1063 1216 1235 1254 1275 1228 1247 1266 1287 1240 1275 1278 1315 1244 1279 1282 1319 1520 1523 1526 1531 1532 1535 1538 1543 1560 1563 1566 1571 1564 1567 1570 1575 1824 1843 1830 1851 1900 1919 1906 1927 1848 1883 1854 1891 1916 1951 1922 1959 2096 2099 2102 2107 2172 2175 2178 2183 2136 2139 2142 2147 2204 2207 2210 2215 2432 2451 2470 2491 2508 2527 2546 2567 2456 2491 2494 2531 2524 2559 2562 2599 2480 2483 2486 2491 2556 2559 2562 2567 2520 2523 2526 2531 2588 2591 2594 2599 3040 3059 3046 3067 3052 3071 3058 3079 3064 3099 3070 3107 3068 3103 3074 3111 3056 3059 3062 3067 3068 3071 3074 3079 3096 3099 3102 3107 3100 3103 3106 3111 3648 3667 3686 3707 3660 3679 3698 3719 3800 3835 3838 3875 3804 3839 3842 3879 3696 3699 3702 3707 3708 3711 3714 3719 3864 3867 3870 3875 3868 3871 3874 3879 4256 4275 4262 4283 4332 4351 4338 4359 4408 4443 4414 4451 4476 4511 4482 4519 4272 4275 4278 4283 4348 4351 4354 4359 4440 4443 4446 4451 4508 4511 4514 4519 
0 20 40 60 80 84 120 124 160 180 200 220 240 244 280 284 320 340 360 380 336 340 376 380 480 500 520 540 496 500 536 540 640 660 680 700 720 724 760 764 800 820 840 860 880 884 920 924 960 980 1000 1020 976 980 1016 1020 1120 1140 1160 1180 1136 1140 1176 1180 1280 1300 1320 1340 1360 1364 1400 1404 1440 1460 1480 1500 1520 1524 1560 1564 1344 1364 1384 1404 1360 1364 1400 1404 1504 1524 1544 1564 1520 1524 1560 1564 1920 1940 1960 1980 2000 2004 2040 2044 2080 2100 2120 2140 2160 2164 2200 2204 1984 2004 2024 2044 2000 2004 2040 2044 2144 2164 2184 2204 2160 2164 2200 2204 2560 2580 2600 2620 2640 2644 2680 2684 2720 2740 2760 2780 2800 2804 2840 2844 2880 2900 2920 2940 2896 2900 2936 2940 3040 3060 3080 3100 3056 3060 3096 3100 3200 3220 3240 3260 3280 3284 3320 3324 3360 3380 3400 3420 3440 3444 3480 3484 3520 3540 3560 3580 3536 3540 3576 3580 3680 3700 3720 3740 3696 3700 3736 3740 3840 3860 3880 3900 3920 3924 3960 3964 4000 4020 4040 4060 4080 4084 4120 4124 3904 3924 3944 3964 3920 3924 3960 3964 4064 4084 4104 4124 4080 4084 4120 4124 4480 4500 4520 4540 4560 4564 4600 4604 4640 4660 4680 4700 4720 4724 4760 4764 4544 4564 4584 4604 4560 4564 4600 4604 4704 4724 4744 4764 4720 4724 4760 4764 
0 21 42 63 84 85 126 127 168 189 202 223 252 253 286 287 336 341 378 383 340 341 382 383 504 509 538 543 508 509 542 543 672 693 682 703 756 757 766 767 840 861 842 863 924 925 926 927 1008 1013 1018 1023 1012 1013 1022 1023 1176 1181 1178 1183 1180 1181 1182 1183 1344 1365 1386 1407 1364 1365 1406 1407 1512 1533 1546 1567 1532 1533 1566 1567 1360 1365 1402 1407 1364 1365 1406 1407 1528 1533 1562 1567 1532 1533 1566 1567 2016 2037 2026 2047 2036 2037 2046 2047 2184 2205 2186 2207 2204 2205 2206 2207 2032 2037 2042 2047 2036 2037 2046 2047 2200 2205 2202 2207 2204 2205 2206 2207 2688 2709 2730 2751 2772 2773 2814 2815 2728 2749 2762 2783 2812 2813 2846 2847 3024 3029 3066 3071 3028 3029 3070 3071 3064 3069 3098 3103 3068 3069 3102 3103 3232 3253 3242 3263 3316 3317 3326 3327 3528 3549 3530 3551 3612 3613 3614 3615 3568 3573 3578 3583 3572 3573 3582 3583 3864 3869 3866 3871 3868 3869 3870 3871 4032 4053 4074 4095 4052 4053 4094 4095 4072 4093 4106 4127 4092 4093 4126 4127 4048 4053 4090 4095 4052 4053 4094 4095 4088 4093 4122 4127 4092 4093 4126 4127 4576 4597 4586 4607 4596 4597 4606 4607 4872 4893 4874 4895 4892 4893 4894 4895 4592 4597 4602 4607 4596 4597 4606 4607 4888 4893 4890 4895 4892 4893 4894 4895 
0 22 44 66 88 94 124 130 176 214 220 258 248 286 284 322 352 374 364 386 376 382 380 386 528 566 540 578 536 574 540 578 704 726 748 770 728 734 764 770 880 918 924 962 888 926 924 962 992 1014 1004 1026 1016 1022 1020 1026 1168 1206 1180 1218 1176 1214 1180 1218 1408 1430 1452 1474 1496 1502 1532 1538 1456 1494 1500 1538 1528 1566 1564 1602 1504 1526 1516 1538 1528 1534 1532 1538 1552 1590 1564 1602 1560 1598 1564 1602 1984 2006 2028 2050 2008 2014 2044 2050 2288 2326 2332 2370 2296 2334 2332 2370 2016 2038 2028 2050 2040 2046 2044 2050 2320 2358 2332 2370 2328 2366 2332 2370 2816 2838 2860 2882 2904 2910 2940 2946 2992 3030 3036 3074 3064 3102 3100 3138 2912 2934 2924 2946 2936 2942 2940 2946 3088 3126 3100 3138 3096 3134 3100 3138 3520 3542 3564 3586 3544 3550 3580 3586 3696 3734 3740 3778 3704 3742 3740 3778 3552 3574 3564 3586 3576 3582 3580 3586 3728 3766 3740 3778 3736 3774 3740 3778 4224 4246 4268 4290 4312 4318 4348 4354 4272 4310 4316 4354 4344 4382 4380 4418 4576 4598 4588 4610 4600 4606 4604 4610 4624 4662 4636 4674 4632 4670 4636 4674 4800 4822 4844 4866 4824 4830 4860 4866 5104 5142 5148 5186 5112 5150 5148 5186 5088 5110 5100 5122 5112 5118 5116 5122 5392 5430 5404 5442 5400 5438 5404 5442 
0 23 46 71 92 95 130 135 184 223 222 263 252 287 290 327 368 375 382 391 380 383 386 391 568 575 574 583 572 575 578 583 736 759 750 775 764 767 770 775 920 959 926 967 924 959 930 967 1008 1015 1022 1031 1020 1023 1026 1031 1208 1215 1214 1223 1212 1215 1218 1223 1472 1495 1518 1543 1500 1503 1538 1543 1528 1567 1566 1607 1532 1567 1570 1607 1520 1527 1534 1543 1532 1535 1538 1543 1592 1599 1598 1607 1596 1599 1602 1607 2080 2103 2094 2119 2172 2175 2178 2183 2392 2431 2398 2439 2460 2495 2466 2503 2160 2167 2174 2183 2172 2175 2178 2183 2488 2495 2494 2503 2492 2495 2498 2503 2944 2967 2990 3015 3036 3039 3074 3079 3000 3039 3038 3079 3068 3103 3106 3143 3056 3063 3070 3079 3068 3071 3074 3079 3128 3135 3134 3143 3132 3135 3138 3143 3552 3575 3566 3591 3580 3583 3586 3591 3864 3903 3870 3911 3868 3903 3874 3911 3568 3575 3582 3591 3580 3583 3586 3591 3896 3903 3902 3911 3900 3903 3906 3911 4416 4439 4462 4487 4444 4447 4482 4487 4600 4639 4638 4679 4604 4639 4642 4679 4720 4727 4734 4743 4732 4735 4738 4743 4920 4927 4926 4935 4924 4927 4930 4935 5152 5175 5166 5191 5244 5247 5250 5255 5208 5247 5214 5255 5276 5311 5282 5319 5488 5495 5502 5511 5500 5503 5506 5511 5560 5567 5566 5575 5564 5567 5570 5575 
0 24 48 88 96 120 144 184 192 216 240 280 288 312 336 376 384 408 432 472 480 504 528 568 448 472 496 536 544 568 592 632 768 792 816 856 864 888 912 952 960 984 1008 1048 1056 1080 1104 1144 1152 1176 1200 1240 1248 1272 1296 1336 1216 1240 1264 1304 1312 1336 1360 1400 1536 1560 1584 1624 1632 1656 1680 1720 1728 1752 1776 1816 1824 1848 1872 1912 1920 1944 1968 2008 2016 2040 2064 2104 1984 2008 2032 2072 2080 2104 2128 2168 2304 2328 2352 2392 2400 2424 2448 2488 2496 2520 2544 2584 2592 2616 2640 2680 2688 2712 2736 2776 2784 2808 2832 2872 2752 2776 2800 2840 2848 2872 2896 2936 3072 3096 3120 3160 3168 3192 3216 3256 3264 3288 3312 3352 3360 3384 3408 3448 3456 3480 3504 3544 3552 3576 3600 3640 3520 3544 3568 3608 3616 3640 3664 3704 3840 3864 3888 3928 3936 3960 3984 4024 4032 4056 4080 4120 4128 4152 4176 4216 4224 4248 4272 4312 4320 4344 4368 4408 4288 4312 4336 4376 4384 4408 4432 4472 3584 3608 3632 3672 3680 3704 3728 3768 3776 3800 3824 3864 3872 3896 3920 3960 3968 3992 4016 4056 4064 4088 4112 4152 4032 4056 4080 4120 4128 4152 4176 4216 4352 4376 4400 4440 4448 4472 4496 4536 4544 4568 4592 4632 4640 4664 4688 4728 4736 4760 4784 4824 4832 4856 4880 4920 4800 4824 4848 4888 4896 4920 4944 4984 
0 25 50 91 100 125 150 191 200 217 250 283 300 317 350 383 400 409 466 475 500 509 566 575 472 473 538 539 572 573 638 639 800 825 818 859 900 925 918 959 1000 1017 1018 1051 1100 1117 1118 1151 1200 1209 1234 1243 1300 1309 1334 1343 1272 1273 1306 1307 1372 1373 1406 1407 1600 1625 1650 1691 1636 1661 1686 1727 1736 1753 1786 1819 1900 1917 1950 1983 2000 2009 2066 2075 2036 2045 2102 2111 2008 2009 2074 2075 2172 2173 2238 2239 2400 2425 2418 2459 2436 2461 2454 2495 2536 2553 2554 2587 2700 2717 2718 2751 2800 2809 2834 2843 2836 2845 2870 2879 2808 2809 2842 2843 2972 2973 3006 3007 3200 3225 3250 3291 3300 3325 3350 3391 3272 3289 3322 3355 3372 3389 3422 3455 3472 3481 3538 3547 3572 3581 3638 3647 3544 3545 3610 3611 3644 3645 3710 3711 4000 4025 4018 4059 4100 4125 4118 4159 4072 4089 4090 4123 4172 4189 4190 4223 4272 4281 4306 4315 4372 4381 4406 4415 4344 4345 4378 4379 4444 4445 4478 4479 3776 3801 3826 3867 3812 3837 3862 3903 3784 3801 3834 3867 3948 3965 3998 4031 4048 4057 4114 4123 4084 4093 4150 4159 4056 4057 4122 4123 4220 4221 4286 4287 4576 4601 4594 4635 4612 4637 4630 4671 4584 4601 4602 4635 4748 4765 4766 4799 4848 4857 4882 4891 4884 4893 4918 4927 4856 4857 4890 4891 5020 5021 5054 5055 
0 26 52 94 104 122 156 190 208 250 244 286 312 346 348 382 416 442 436 478 520 538 540 574 496 538 500 542 600 634 604 638 832 858 884 926 872 890 924 958 976 1018 1012 1054 1144 1178 1180 1214 1248 1274 1268 1310 1288 1306 1308 1342 1264 1306 1268 1310 1432 1466 1436 1470 1664 1690 1716 1758 1768 1786 1820 1854 1744 1786 1780 1822 1848 1882 1884 1918 1952 1978 1972 2014 2056 2074 2076 2110 2032 2074 2036 2078 2136 2170 2140 2174 2496 2522 2548 2590 2536 2554 2588 2622 2512 2554 2548 2590 2680 2714 2716 2750 2784 2810 2804 2846 2824 2842 2844 2878 2800 2842 2804 2846 2968 3002 2972 3006 3328 3354 3380 3422 3432 3450 3484 3518 3536 3578 3572 3614 3640 3674 3676 3710 3488 3514 3508 3550 3592 3610 3612 3646 3568 3610 3572 3614 3672 3706 3676 3710 3904 3930 3956 3998 3944 3962 3996 4030 4048 4090 4084 4126 4216 4250 4252 4286 4576 4602 4596 4638 4616 4634 4636 4670 4592 4634 4596 4638 4760 4794 4764 4798 3968 3994 4020 4062 4072 4090 4124 4158 4048 4090 4084 4126 4152 4186 4188 4222 4000 4026 4020 4062 4104 4122 4124 4158 4080 4122 4084 4126 4184 4218 4188 4222 4544 4570 4596 4638 4584 4602 4636 4670 4560 4602 4596 4638 4728 4762 4764 4798 5088 5114 5108 5150 5128 5146 5148 5182 5104 5146 5108 5150 5272 5306 5276 5310 
0 27 54 99 108 127 162 199 216 251 254 291 316 351 354 391 432 443 470 483 540 543 578 583 536 539 542 563 636 639 642 663 864 891 886 931 908 927 930 967 1016 1051 1022 1059 1180 1215 1186 1223 1264 1275 1302 1315 1308 1311 1346 1351 1304 1307 1310 1331 1468 1471 1474 1495 1728 1755 1782 1827 1772 1791 1826 1863 1752 1787 1790 1827 1916 1951 1954 1991 2032 2043 2070 2083 2076 2079 2114 2119 2072 2075 2078 2099 2236 2239 2242 2263 2592 2619 2614 2659 2700 2719 2722 2759 2680 2715 2686 2723 2716 2751 2722 2759 2864 2875 2902 2915 2972 2975 3010 3015 2968 2971 2974 2995 3004 3007 3010 3031 3456 3483 3510 3555 3564 3583 3618 3655 3544 3579 3582 3619 3644 3679 3682 3719 3504 3515 3542 3555 3612 3615 3650 3655 3608 3611 3614 3635 3708 3711 3714 3735 4064 4091 4086 4131 4108 4127 4130 4167 4088 4123 4094 4131 4252 4287 4258 4295 4592 4603 4630 4643 4636 4639 4674 4679 4632 4635 4638 4659 4796 4799 4802 4823 4160 4187 4214 4259 4204 4223 4258 4295 4312 4347 4350 4387 4476 4511 4514 4551 4336 4347 4374 4387 4380 4383 4418 4423 4376 4379 4382 4403 4540 4543 4546 4567 4768 4795 4790 4835 4876 4895 4898 4935 4984 5019 4990 5027 5020 5055 5026 5063 5424 5435 5462 5475 5532 5535 5570 5575 5528 5531 5534 5555 5564 5567 5570 5591 
0 28 56 92 112 124 152 188 224 252 280 316 304 316 344 380 448 476 504 540 496 508 536 572 544 572 600 636 560 572 600 636 896 924 952 988 1008 1020 1048 1084 1120 1148 1176 1212 1200 1212 1240 1276 1344 1372 1400 1436 1392 1404 1432 1468 1440 1468 1496 1532 1456 1468 1496 1532 1792 1820 1848 1884 1904 1916 1944 1980 2016 2044 2072 2108 2096 2108 2136 2172 1984 2012 2040 2076 2032 2044 2072 2108 2080 2108 2136 2172 2096 2108 2136 2172 2432 2460 2488 2524 2544 2556 2584 2620 2656 2684 2712 2748 2736 2748 2776 2812 3136 3164 3192 3228 3184 3196 3224 3260 3232 3260 3288 3324 3248 3260 3288 3324 3584 3612 3640 3676 3696 3708 3736 3772 3808 3836 3864 3900 3888 3900 3928 3964 4032 4060 4088 4124 4080 4092 4120 4156 4128 4156 4184 4220 4144 4156 4184 4220 4480 4508 4536 4572 4592 4604 4632 4668 4704 4732 4760 4796 4784 4796 4824 4860 4928 4956 4984 5020 4976 4988 5016 5052 5024 5052 5080 5116 5040 5052 5080 5116 3840 3868 3896 3932 3952 3964 3992 4028 4064 4092 4120 4156 4144 4156 4184 4220 4032 4060 4088 4124 4080 4092 4120 4156 4128 4156 4184 4220 4144 4156 4184 4220 4480 4508 4536 4572 4592 4604 4632 4668 4704 4732 4760 4796 4784 4796 4824 4860 5184 5212 5240 5276 5232 5244 5272 5308 5280 5308 5336 5372 5296 5308 5336 5372 
0 29 58 95 116 125 158 191 232 253 282 319 316 317 350 383 464 477 538 543 500 509 574 575 568 573 634 639 572 573 638 639 928 957 954 991 1044 1053 1054 1087 1160 1181 1178 1215 1244 1245 1246 1279 1392 1405 1434 1439 1428 1437 1470 1471 1496 1501 1530 1535 1500 1501 1534 1535 1856 1885 1914 1951 1908 1917 1950 1983 2024 2045 2074 2111 2172 2173 2206 2239 2000 2013 2074 2079 2036 2045 2110 2111 2168 2173 2234 2239 2172 2173 2238 2239 2528 2557 2554 2591 2580 2589 2590 2623 2696 2717 2714 2751 2844 2845 2846 2879 3184 3197 3226 3231 3220 3229 3262 3263 3352 3357 3386 3391 3356 3357 3390 3391 3712 3741 3770 3807 3828 3837 3870 3903 3816 3837 3866 3903 3900 3901 3934 3967 4048 4061 4122 4127 4084 4093 4158 4159 4152 4157 4218 4223 4156 4157 4222 4223 4512 4541 4538 4575 4628 4637 4638 4671 4872 4893 4890 4927 4956 4957 4958 4991 5104 5117 5146 5151 5140 5149 5182 5183 5208 5213 5242 5247 5212 5213 5246 5247 4032 4061 4090 4127 4084 4093 4126 4159 4072 4093 4122 4159 4220 4221 4254 4287 4048 4061 4122 4127 4084 4093 4158 4159 4216 4221 4282 4287 4220 4221 4286 4287 4576 4605 4602 4639 4628 4637 4638 4671 4872 4893 4890 4927 5020 5021 5022 5055 5360 5373 5402 5407 5396 5405 5438 5439 5528 5533 5562 5567 5532 5533 5566 5567 
0 30 60 98 120 126 156 194 240 286 284 322 312 350 348 386 480 510 508 546 536 542 540 578 592 638 604 642 600 638 604 642 960 990 1020 1058 1016 1022 1052 1090 1136 1182 1180 1218 1272 1310 1308 1346 1376 1406 1404 1442 1432 1438 1436 1474 1552 1598 1564 1602 1560 1598 1564 1602 1920 1950 1980 2018 2040 2046 2076 2114 2032 2078 2076 2114 2104 2142 2140 2178 2016 2046 2044 2082 2072 2078 2076 2114 2128 2174 2140 2178 2136 2174 2140 2178 2496 2526 2556 2594 2552 2558 2588 2626 2800 2846 2844 2882 2936 2974 2972 3010 3296 3326 3324 3362 3352 3358 3356 3394 3472 3518 3484 3522 3480 3518 3484 3522 3840 3870 3900 3938 3960 3966 3996 4034 4080 4126 4124 4162 4152 4190 4188 4226 4064 4094 4092 4130 4120 4126 4124 4162 4176 4222 4188 4226 4184 4222 4188 4226 4544 4574 4604 4642 4600 4606 4636 4674 4720 4766 4764 4802 4856 4894 4892 4930 5216 5246 5244 5282 5272 5278 5276 5314 5392 5438 5404 5442 5400 5438 5404 5442 4224 4254 4284 4322 4344 4350 4380 4418 4336 4382 4380 4418 4408 4446 4444 4482 4576 4606 4604 4642 4632 4638 4636 4674 4688 4734 4700 4738 4696 4734 4700 4738 5056 5086 5116 5154 5112 5118 5148 5186 5360 5406 5404 5442 5496 5534 5532 5570 5344 5374 5372 5410 5400 5406 5404 5442 5520 5566 5532 5570 5528 5566 5532 5570 
0 31 62 103 124 127 162 199 248 287 286 327 316 351 354 399 496 511 542 551 540 543 578 583 632 639 638 663 636 639 642 671 992 1023 1022 1063 1052 1055 1058 1095 1176 1215 1182 1223 1308 1343 1314 1359 1392 1407 1438 1447 1436 1439 1474 1479 1592 1599 1598 1623 1596 1599 1602 1631 1984 2015 2046 2087 2044 2047 2082 2119 2040 2079 2078 2119 2172 2207 2210 2255 2032 2047 2078 2087 2076 2079 2114 2119 2232 2239 2238 2263 2236 2239 2242 2271 2592 2623 2622 2663 2716 2719 2722 2759 2968 3007 2974 3015 2972 3007 2978 3023 3440 3455 3486 3495 3484 3487 3522 3527 3512 3519 3518 3543 3516 3519 3522 3551 3968 3999 4030 4071 4092 4095 4130 4167 4088 4127 4126 4167 4156 4191 4194 4239 4080 4095 4126 4135 4124 4127 4162 4167 4216 4223 4222 4247 4220 4223 4226 4255 4576 4607 4606 4647 4636 4639 4642 4679 4888 4927 4894 4935 5020 5055 5026 5071 5360 5375 5406 5415 5404 5407 5442 5447 5560 5567 5566 5591 5564 5567 5570 5599 4416 4447 4478 4519 4476 4479 4514 4551 4600 4639 4638 4679 4732 4767 4770 4815 4848 4863 4894 4903 4892 4895 4930 4935 5048 5055 5054 5079 5052 5055 5058 5087 5408 5439 5438 5479 5532 5535 5538 5575 5528 5567 5534 5575 5532 5567 5538 5583 5488 5503 5534 5543 5532 5535 5570 5575 5560 5567 5566 5591 5564 5567 5570 5599 
0 32 64 96 128 160 192 224 256 288 320 352 384 416 448 480 512 544 576 608 640 672 704 736 768 800 832 864 896 928 960 992 1024 1056 1088 1120 1152 1184 1216 1248 1280 1312 1344 1376 1408 1440 1472 1504 1536 1568 1600 1632 1664 1696 1728 1760 1792 1824 1856 1888 1920 1952 1984 2016 2048 2080 2112 2144 2176 2208 2240 2272 2304 2336 2368 2400 2432 2464 2496 2528 2560 2592 2624 2656 2688 2720 2752 2784 2816 2848 2880 2912 2944 2976 3008 3040 3072 3104 3136 3168 3200 3232 3264 3296 3328 3360 3392 3424 3456 3488 3520 3552 3584 3616 3648 3680 3712 3744 3776 3808 3840 3872 3904 3936 3968 4000 4032 4064 4096 4128 4160 4192 4224 4256 4288 4320 4352 4384 4416 4448 4480 4512 4544 4576 4608 4640 4672 4704 4736 4768 4800 4832 4864 4896 4928 4960 4992 5024 5056 5088 5120 5152 5184 5216 5248 5280 5312 5344 5376 5408 5440 5472 5504 5536 5568 5600 5632 5664 5696 5728 5760 5792 5824 5856 5888 5920 5952 5984 6016 6048 6080 6112 6144 6176 6208 6240 6272 6304 6336 6368 6400 6432 6464 6496 6528 6560 6592 6624 6656 6688 6720 6752 6784 6816 6848 6880 6912 6944 6976 7008 7040 7072 7104 7136 7168 7200 7232 7264 7296 7328 7360 7392 7424 7456 7488 7520 7552 7584 7616 7648 7680 7712 7744 7776 7808 7840 7872 7904 7936 7968 8000 8032 8064 8096 8128 8160 
0 33 66 99 132 165 198 231 264 297 330 363 396 429 462 495 528 561 594 627 660 693 726 759 792 825 858 891 924 957 990 1023 1056 1057 1122 1123 1188 1189 1254 1255 1320 1321 1386 1387 1452 1453 1518 1519 1584 1585 1650 1651 1716 1717 1782 1783 1848 1849 1914 1915 1980 1981 2046 2047 2112 2145 2178 2211 2244 2277 2310 2343 2376 2409 2442 2475 2508 2541 2574 2607 2640 2673 2706 2739 2772 2805 2838 2871 2904 2937 2970 3003 3036 3069 3102 3135 3168 3169 3234 3235 3300 3301 3366 3367 3432 3433 3498 3499 3564 3565 3630 3631 3696 3697 3762 3763 3828 3829 3894 3895 3960 3961 4026 4027 4092 4093 4158 4159 4224 4257 4290 4323 4228 4261 4294 4327 4488 4521 4554 4587 4492 4525 4558 4591 4752 4785 4818 4851 4756 4789 4822 4855 5016 5049 5082 5115 5020 5053 5086 5119 5280 5281 5346 5347 5284 5285 5350 5351 5544 5545 5610 5611 5548 5549 5614 5615 5808 5809 5874 5875 5812 5813 5878 5879 6072 6073 6138 6139 6076 6077 6142 6143 6336 6369 6402 6435 6340 6373 6406 6439 6600 6633 6666 6699 6604 6637 6670 6703 6864 6897 6930 6963 6868 6901 6934 6967 7128 7161 7194 7227 7132 7165 7198 7231 7392 7393 7458 7459 7396 7397 7462 7463 7656 7657 7722 7723 7660 7661 7726 7727 7920 7921 7986 7987 7924 7925 7990 7991 8184 8185 8250 8251 8188 8189 8254 8255 
